0 1 316
0 438 749
0 312 177
1 2 925
1 3 292
1 66 879
1 244 562
2 4 698
2 14 112
2 31 492
2 177 746
2 390 325
3 366 298
3 157 918
3 30 181
4 179 527
4 132 654
4 339 950
5 191 471
5 250 339
5 295 804
5 392 460
6 74 769
6 67 686
7 9 404
7 113 714
7 56 687
7 112 159
8 9 736
8 419 895
8 197 976
8 356 632
9 10 806
9 15 92
9 305 429
9 133 168
10 210 260
10 383 267
11 13 685
11 126 371
11 202 314
12 154 838
12 430 320
12 47 348
12 117 1
13 53 467
13 77 987
14 47 934
14 149 251
15 251 420
15 430 622
16 17 309
16 18 200
16 102 444
17 304 734
17 78 630
17 345 122
18 19 599
18 324 665
18 66 304
18 206 398
19 173 998
19 308 219
19 364 782
19 215 184
19 51 382
19 150 460
20 300 791
20 395 213
20 335 261
21 51 930
21 189 482
21 196 413
21 235 170
22 23 145
22 24 716
23 343 44
23 350 54
24 26 568
24 231 709
24 280 948
24 334 643
25 27 677
25 313 472
26 418 568
26 97 480
26 294 883
27 350 20
27 115 797
27 50 780
27 349 768
28 29 833
28 237 725
28 421 341
29 31 762
29 353 665
30 31 810
31 172 734
31 210 410
31 376 826
31 45 595
32 311 87
32 273 858
33 34 899
33 91 981
33 297 182
33 340 456
34 36 421
34 166 465
35 37 27
35 250 883
35 128 111
35 415 172
36 38 267
36 153 640
36 50 980
36 83 412
36 248 704
37 404 575
37 145 101
37 68 417
38 380 582
38 257 947
38 419 91
39 350 747
39 244 168
39 224 261
40 41 645
40 42 652
40 117 304
41 42 13
41 43 455
41 377 123
42 183 72
42 267 416
42 346 824
43 45 256
43 305 909
44 45 993
44 46 864
44 174 99
45 388 681
45 201 762
45 253 861
46 47 524
46 48 428
46 239 283
47 49 846
47 100 316
47 373 918
47 414 74
47 294 107
48 272 87
48 185 588
48 260 934
49 130 304
49 102 909
49 91 345
50 356 194
50 214 565
50 271 832
51 52 940
52 53 698
52 311 396
53 195 506
53 306 123
53 214 647
54 55 646
54 312 496
55 68 184
55 413 580
55 171 257
56 58 310
56 411 802
56 209 221
57 59 889
57 255 997
57 70 894
57 77 61
57 384 288
58 59 517
58 407 968
58 201 674
59 60 757
59 305 913
60 326 718
60 177 310
61 324 615
61 168 81
61 254 104
62 63 585
62 84 182
62 139 861
63 64 586
63 174 715
64 66 290
64 262 767
64 337 381
64 360 66
65 66 351
65 171 193
66 68 731
66 281 303
67 69 688
67 113 113
67 346 777
68 69 830
68 136 100
69 70 217
69 193 888
69 426 891
70 72 992
70 173 31
70 213 810
71 72 417
71 137 138
71 393 806
72 73 254
72 263 645
72 331 183
72 252 464
73 75 126
73 157 227
73 206 261
73 429 112
74 399 824
74 184 881
74 345 620
75 363 870
75 94 355
75 371 598
75 199 786
76 354 733
76 265 402
76 432 722
76 270 728
76 157 467
77 79 560
78 79 660
78 129 762
79 373 605
79 215 769
80 82 316
80 281 826
80 191 279
81 82 995
81 83 529
81 92 718
82 219 754
82 189 25
83 297 543
83 270 825
83 428 283
84 391 143
85 86 208
85 217 849
85 145 807
85 164 776
85 246 628
86 88 677
86 395 838
86 233 112
87 315 450
87 148 571
87 290 129
87 416 508
88 89 342
88 124 989
89 91 831
89 438 176
90 92 774
90 174 960
90 192 256
92 189 653
92 296 158
93 94 125
93 95 236
93 312 378
94 267 540
95 298 123
95 394 36
96 269 137
96 265 245
97 272 1
97 191 949
98 99 176
98 359 599
98 356 102
99 100 496
99 317 35
99 371 895
100 101 738
100 204 791
100 234 857
100 382 203
101 241 984
101 302 730
102 104 367
102 398 416
103 104 813
103 105 813
103 308 707
104 105 917
104 106 821
105 107 353
105 208 371
106 123 116
106 275 752
106 387 52
107 215 453
107 375 448
108 109 709
108 110 25
108 196 881
109 111 203
109 213 161
109 205 328
109 370 987
110 175 485
110 125 616
110 205 353
110 393 872
111 112 974
111 311 37
112 271 765
112 407 616
112 437 84
112 348 958
113 115 287
113 275 441
114 115 100
114 305 104
114 189 494
115 179 315
115 291 605
116 117 471
116 292 147
116 336 146
116 203 569
116 298 344
116 348 418
117 243 140
118 121 310
118 426 467
118 154 168
119 121 538
119 259 360
119 232 64
120 122 114
120 358 674
120 305 818
120 418 679
120 166 475
121 122 544
121 222 759
121 429 561
121 267 676
121 257 488
122 384 5
122 185 750
122 297 429
123 378 390
123 150 861
123 310 856
124 308 475
124 336 183
125 163 726
126 127 443
126 184 346
127 345 336
127 228 334
127 354 932
127 132 579
127 152 935
127 282 221
128 130 888
129 130 657
129 131 747
130 131 845
130 132 2
130 381 856
131 133 30
131 384 375
132 134 919
132 140 523
132 216 861
132 247 954
133 328 340
133 237 438
133 299 945
133 331 62
134 136 351
134 239 696
134 181 729
134 233 148
135 338 151
135 150 362
136 138 50
136 338 117
136 161 409
137 408 453
137 363 381
138 139 911
138 140 792
139 240 178
139 198 331
139 303 575
140 170 586
140 339 285
141 143 319
141 361 822
142 143 984
142 144 247
142 188 217
143 398 630
143 187 380
143 410 564
144 195 954
144 173 754
145 159 200
146 148 288
146 239 543
146 177 448
146 211 361
147 297 597
147 313 42
147 218 504
148 386 246
148 392 775
148 350 437
149 150 25
149 151 650
150 371 255
151 152 590
151 226 412
152 153 53
153 154 549
153 180 534
153 206 775
154 155 968
154 399 787
155 157 36
155 192 525
155 310 693
156 158 849
156 198 548
157 170 51
157 194 517
157 275 555
157 292 577
158 159 484
158 160 401
158 223 3
159 160 682
159 317 1
160 162 614
160 325 191
160 182 751
161 162 28
161 239 142
162 163 723
162 164 486
163 165 289
163 295 566
164 250 783
165 167 154
165 389 56
166 167 360
167 205 14
167 307 256
167 310 910
167 185 434
168 429 937
169 170 907
169 319 420
169 177 962
169 245 153
170 171 645
170 172 294
171 172 149
171 173 925
171 381 284
172 419 974
173 315 979
174 204 676
175 176 49
175 278 84
175 403 578
176 319 752
176 295 893
177 188 94
178 179 117
178 180 961
179 262 477
179 316 113
179 335 558
179 242 184
180 182 912
181 183 595
181 252 551
182 190 701
183 185 8
183 351 372
183 238 347
183 350 225
184 344 201
185 305 143
186 188 600
186 407 918
187 365 259
189 374 70
190 191 63
190 303 263
190 231 129
191 192 164
192 198 244
193 371 544
194 341 828
195 197 490
195 312 917
196 391 752
196 344 330
197 409 566
197 370 461
197 407 69
198 200 932
198 283 758
199 200 704
200 201 11
200 202 714
201 202 939
202 204 575
203 204 820
204 205 760
204 367 186
204 268 558
205 207 328
207 208 153
207 209 727
207 332 117
208 209 107
208 364 234
208 232 772
209 409 319
209 379 731
210 301 802
210 348 433
211 373 700
212 213 951
212 214 225
213 367 970
213 288 780
214 215 344
215 216 531
215 217 491
215 309 120
216 429 247
216 313 494
217 218 178
217 219 972
218 439 16
218 296 656
219 371 855
219 248 679
220 439 536
220 411 843
221 222 91
221 283 830
221 361 260
222 224 218
222 325 71
223 269 77
223 352 212
223 298 75
224 225 56
224 278 21
225 227 729
225 335 853
226 375 694
226 388 119
227 373 701
227 244 7
227 272 218
228 268 925
228 323 349
228 397 28
229 399 159
229 281 864
229 273 943
230 231 34
230 335 735
231 232 453
234 235 423
234 290 351
235 236 243
236 238 636
236 415 723
236 323 227
237 253 722
237 340 481
238 437 770
240 242 224
240 305 972
240 314 466
241 243 746
241 349 887
242 243 9
242 296 266
243 244 78
244 437 534
245 246 704
246 350 573
246 316 916
246 362 917
247 248 72
247 395 719
248 249 896
249 250 982
249 251 154
249 329 930
249 353 446
250 385 672
251 289 387
251 282 987
252 420 246
252 389 836
253 372 101
254 255 382
254 256 372
255 389 233
255 287 257
255 381 470
256 436 827
256 395 439
257 258 74
257 355 792
258 259 765
258 261 760
258 347 518
259 261 811
259 416 19
259 374 233
260 261 45
260 330 575
260 396 101
261 262 198
261 263 101
262 263 220
262 264 793
262 357 472
263 265 541
264 265 703
264 437 688
264 418 38
265 330 183
265 366 441
265 398 514
265 383 218
266 267 487
266 268 813
266 402 783
267 269 549
268 349 380
269 271 741
270 272 549
270 300 306
272 382 745
273 365 486
274 275 132
274 404 657
275 365 673
276 277 12
276 396 606
276 323 29
276 359 2
277 302 656
277 314 349
278 279 437
278 280 746
278 318 659
279 281 702
279 356 633
279 320 641
280 282 135
280 338 83
281 436 450
282 283 748
282 336 795
283 346 319
283 328 984
284 286 209
284 382 845
284 285 982
284 346 919
285 287 479
286 288 19
286 430 897
286 387 208
287 289 870
288 290 80
288 378 438
288 366 935
289 291 501
289 362 761
291 292 419
293 295 38
293 437 956
294 331 695
295 297 288
295 300 159
296 390 547
296 413 548
297 439 112
298 299 317
299 300 689
300 326 802
301 393 438
302 318 837
302 401 296
302 376 569
303 304 555
303 305 932
304 392 231
304 394 862
304 363 245
306 307 255
306 308 360
307 309 924
308 431 263
309 438 153
309 408 129
310 312 105
311 312 549
311 313 90
312 313 838
314 388 934
315 316 96
315 317 833
317 318 625
318 342 540
318 375 308
319 321 209
320 381 245
321 322 822
321 323 279
322 323 667
322 324 574
323 372 382
324 338 754
325 326 414
326 367 185
326 422 84
327 329 479
327 404 88
328 330 170
329 333 175
330 332 866
331 357 430
332 334 739
333 335 868
333 423 766
334 336 438
335 337 383
335 431 81
336 338 884
337 338 102
338 339 431
339 374 322
340 395 942
341 342 522
341 347 582
341 357 720
342 343 433
342 344 615
343 344 148
343 345 865
343 439 445
344 389 252
345 414 138
347 373 263
348 349 600
351 353 514
351 436 91
352 354 77
352 414 353
353 354 113
354 356 122
355 357 406
357 380 838
358 359 542
358 360 634
358 394 122
360 403 696
361 362 527
362 367 139
363 364 647
363 388 644
364 366 478
365 367 390
365 375 909
365 400 178
367 390 737
368 369 547
368 370 393
369 370 464
369 371 305
372 374 869
377 378 326
378 381 361
379 381 705
380 382 380
383 384 220
384 386 744
385 386 701
385 387 376
385 434 797
386 388 453
386 430 899
387 388 433
388 389 950
389 391 286
391 393 669
391 404 661
392 393 469
392 394 494
393 394 181
394 396 375
397 422 409
397 427 675
398 399 38
399 400 815
400 412 164
401 402 963
401 403 378
402 404 392
403 404 312
404 406 593
404 427 222
405 407 913
405 422 392
406 407 8
406 408 619
407 409 75
409 410 88
409 411 4
409 424 53
410 411 163
410 412 60
411 413 506
412 413 682
412 414 577
415 417 188
416 418 430
416 431 395
417 418 937
417 431 899
418 424 940
418 435 84
420 437 534
420 425 312
421 422 919
421 423 904
422 423 855
423 424 559
423 425 562
425 426 449
425 427 321
426 427 520
426 428 69
427 429 399
428 429 463
431 432 491
432 434 96
433 434 749
433 435 342
434 435 175
435 436 786
436 437 63
436 438 986
438 439 301