0 38 504
0 66 549
0 510 936
0 12 430
0 102 844
0 476 752
1 699 34
1 305 657
1 428 681
1 352 382
1 413 538
2 172 849
2 385 247
2 221 510
3 328 566
3 117 368
4 5 448
4 6 436
4 90 725
4 62 991
5 540 502
5 43 591
5 240 339
5 62 115
6 102 404
6 14 167
6 123 434
6 427 257
6 72 191
7 9 193
7 496 242
8 573 456
8 512 857
8 419 800
9 10 338
9 11 617
9 421 704
9 546 694
10 11 562
10 12 509
10 217 366
10 349 667
11 12 92
11 445 668
11 382 362
12 13 878
12 14 103
12 203 984
13 15 511
13 508 262
13 642 935
13 652 472
14 16 279
14 249 82
15 409 571
15 91 987
16 59 479
16 249 182
16 416 769
16 554 305
17 18 730
17 85 882
17 633 814
17 328 152
17 522 961
18 19 449
18 20 362
18 39 488
19 20 232
19 377 391
19 478 1
19 149 280
20 21 793
20 288 279
21 22 847
21 415 350
21 668 540
22 586 70
22 148 279
23 569 512
23 150 949
23 76 789
23 494 156
24 25 88
24 26 85
24 162 706
25 233 530
25 124 926
25 681 438
26 427 672
26 44 863
26 167 172
26 576 150
27 422 39
27 271 392
28 30 764
28 634 371
28 299 590
29 30 307
29 31 722
29 166 456
29 136 27
30 484 285
30 296 364
31 32 551
31 64 455
31 608 970
31 483 169
32 204 598
32 661 395
32 49 974
33 87 852
33 105 169
33 533 509
33 405 289
34 35 869
34 328 530
34 125 552
35 36 994
35 541 734
36 327 657
36 146 792
36 519 417
37 38 328
37 39 637
38 40 915
38 539 22
38 487 360
39 41 716
39 453 84
40 42 496
40 303 384
40 401 623
40 159 299
41 78 424
41 366 693
42 574 182
42 269 913
42 134 663
43 76 877
43 63 654
43 238 497
44 692 730
44 589 421
45 90 246
45 549 4
46 99 990
46 118 376
47 49 596
47 168 151
47 227 667
47 633 720
48 49 900
48 150 441
49 51 249
49 64 983
50 51 996
50 378 624
51 52 482
51 458 751
51 529 189
52 54 589
52 666 505
53 54 542
53 579 265
54 55 300
54 626 888
54 607 995
55 602 725
55 433 204
55 574 882
56 58 404
56 295 913
56 547 770
57 59 293
57 586 142
58 60 764
58 102 840
58 392 552
59 60 889
59 106 491
59 200 417
59 408 307
60 61 484
60 62 479
61 62 206
61 667 397
62 596 418
62 171 779
63 195 535
64 66 754
64 283 383
64 350 846
65 580 589
65 696 499
65 571 901
65 155 981
66 68 287
66 662 644
66 351 332
67 456 53
67 145 738
68 197 162
68 617 796
68 297 325
68 379 159
69 332 852
69 518 906
69 130 118
69 525 548
70 72 277
70 613 348
70 256 359
70 151 791
71 273 505
71 359 706
71 382 304
72 631 77
72 224 12
72 241 773
73 167 350
73 111 385
74 75 923
74 423 889
75 351 490
75 552 61
75 198 728
75 249 952
76 77 782
76 632 918
77 79 558
77 315 991
77 89 924
77 545 980
78 79 900
78 80 455
78 559 665
78 672 892
79 470 962
79 299 192
79 230 711
79 110 306
79 615 229
80 552 337
80 658 109
81 83 272
81 381 370
81 544 732
82 84 914
82 371 656
82 615 835
82 387 581
83 374 65
83 465 435
83 149 922
83 458 150
84 85 722
84 86 737
84 449 665
84 674 944
84 571 969
85 87 673
85 331 313
86 88 650
86 126 408
87 502 666
87 281 479
87 479 773
88 90 32
88 553 704
89 91 343
89 177 265
90 119 485
90 561 96
91 463 143
91 603 939
91 268 115
92 93 977
92 320 462
92 546 473
92 335 916
92 563 735
93 95 294
93 693 337
93 461 364
94 95 259
94 515 24
95 506 832
95 592 509
95 668 340
96 159 152
96 276 810
97 682 761
97 492 368
98 100 987
98 490 384
99 652 781
99 155 57
99 650 431
100 101 448
100 305 994
100 180 460
101 649 184
101 440 312
101 140 423
101 654 744
102 593 152
103 105 873
103 313 49
104 427 186
104 497 255
105 259 809
105 308 472
106 404 896
106 107 894
106 141 886
107 109 663
107 382 938
108 109 941
108 554 17
108 152 315
109 110 76
109 111 954
110 698 392
110 133 794
111 112 304
111 567 492
111 204 90
112 648 140
112 419 392
113 114 29
113 373 753
114 116 402
114 325 910
114 411 210
115 249 557
115 213 561
116 188 354
116 283 809
116 597 253
116 610 612
117 118 573
117 119 689
117 685 485
117 637 447
118 119 238
118 594 994
119 674 371
119 699 987
120 122 314
120 553 59
121 122 286
121 173 691
122 471 57
122 241 53
122 464 588
123 364 261
123 566 496
123 246 267
124 233 642
125 126 63
125 127 90
125 342 373
125 528 655
125 665 15
126 127 186
126 128 752
127 128 154
127 129 874
127 333 56
128 594 971
128 627 911
129 164 623
129 229 687
129 573 20
129 345 594
130 131 795
130 674 886
131 256 159
131 557 816
131 232 333
132 133 482
132 425 214
133 529 251
133 594 775
134 634 801
134 170 57
135 680 346
135 298 98
135 621 418
135 667 448
136 445 878
137 138 214
137 139 458
138 139 893
138 330 417
139 141 16
139 442 89
139 322 829
139 366 274
140 141 524
140 501 120
141 142 388
142 143 537
142 144 469
143 367 905
143 636 587
143 577 948
144 497 58
144 223 216
145 146 33
145 147 573
145 559 552
146 148 861
146 444 977
146 473 340
147 168 131
147 213 887
148 278 183
148 358 244
148 149 881
149 420 878
150 614 995
150 308 89
150 452 804
151 192 783
152 153 249
152 670 627
153 154 141
153 434 580
154 155 588
154 383 244
155 242 447
155 317 300
155 276 694
156 157 557
156 239 946
156 211 382
156 502 605
157 213 729
157 315 485
157 360 246
157 175 267
158 159 486
158 443 483
158 501 892
159 160 24
159 312 823
160 535 259
160 418 312
160 261 412
160 500 638
161 451 739
161 167 657
161 652 970
162 260 14
163 165 676
163 694 934
164 165 482
164 166 28
164 302 965
164 435 363
164 541 710
165 629 631
165 416 790
166 168 633
166 467 238
167 545 306
167 659 203
167 461 972
168 170 882
168 217 424
169 170 61
169 361 783
169 341 666
169 604 472
170 369 573
170 656 236
170 504 533
171 172 64
171 432 334
172 437 391
172 681 267
173 605 295
173 480 12
173 639 370
174 175 313
174 176 708
174 400 823
174 330 504
175 543 863
175 265 200
176 178 711
176 511 323
176 658 719
177 181 668
177 550 387
178 558 647
178 200 536
178 415 820
178 623 106
179 696 527
179 395 336
179 445 727
180 670 54
180 516 33
180 678 327
180 254 300
181 236 224
181 305 734
182 518 432
182 225 837
183 185 87
183 343 83
183 213 402
183 429 149
183 480 637
184 586 527
184 685 721
184 590 351
185 187 212
185 233 300
185 534 342
186 188 214
186 309 780
186 297 710
186 689 251
187 188 976
187 189 992
188 189 528
188 190 232
188 344 994
189 190 455
189 413 632
190 192 458
190 458 865
191 343 994
191 464 711
191 198 523
191 266 837
192 193 515
192 555 314
193 195 649
193 465 637
193 533 228
194 195 897
194 196 482
194 456 784
195 197 338
195 484 683
196 197 193
196 397 776
197 684 605
197 540 120
198 199 395
198 693 130
198 560 689
199 200 403
199 222 931
199 340 417
199 363 255
200 201 920
200 649 392
200 465 340
200 583 852
201 202 686
201 579 890
201 572 968
202 411 118
202 690 546
202 376 411
203 436 967
203 678 306
204 468 772
204 606 665
204 220 564
205 206 924
205 501 284
206 616 753
206 483 210
206 256 300
207 587 900
207 270 844
208 210 715
208 613 758
209 441 567
209 560 130
209 597 440
210 211 772
210 212 332
210 248 375
211 212 687
211 527 647
212 213 644
212 325 961
212 393 669
213 289 458
213 624 23
214 215 761
214 551 978
214 592 505
215 217 768
215 303 148
216 218 461
216 564 65
216 219 393
216 428 237
216 650 816
217 218 514
218 219 418
218 362 949
218 507 837
219 220 467
220 530 939
220 398 75
221 615 175
221 476 336
222 223 73
222 224 697
223 224 200
223 225 924
224 225 747
225 625 989
225 591 308
226 583 554
226 423 3
226 468 951
226 639 500
226 449 132
226 478 377
227 238 946
228 469 781
228 315 114
229 231 622
230 231 969
230 283 103
231 232 557
231 233 944
231 684 573
231 498 889
232 233 280
233 235 661
233 657 943
234 236 739
234 637 464
234 322 377
234 418 759
235 237 945
235 434 557
235 631 232
236 361 740
236 624 538
237 238 645
237 239 302
237 491 369
238 239 816
238 587 784
239 240 297
239 241 681
239 495 330
240 242 61
241 590 869
242 660 968
243 244 219
243 651 918
244 245 877
244 246 817
244 558 381
244 682 548
245 600 981
245 594 549
246 441 742
247 423 889
247 337 285
247 564 376
248 669 319
249 550 907
250 252 216
250 267 193
250 595 343
250 687 202
251 252 616
251 253 227
252 269 421
252 564 309
253 254 530
253 255 435
254 565 281
254 307 957
255 256 970
255 257 298
255 651 737
255 556 65
256 258 128
256 539 991
257 258 453
257 361 201
257 534 587
258 260 263
258 384 13
258 463 731
259 260 900
259 261 109
260 583 915
260 495 213
260 320 166
260 343 559
261 660 699
261 349 653
262 528 265
262 624 802
262 592 477
263 264 961
263 656 190
264 266 137
264 627 374
265 567 678
265 538 747
265 474 97
266 468 992
267 268 763
267 269 764
267 609 9
267 367 949
267 591 373
268 675 844
268 440 593
269 271 438
269 513 464
270 622 886
270 285 805
270 417 599
270 562 914
271 438 143
271 390 965
271 382 458
272 466 272
272 699 369
273 275 480
273 456 672
273 298 786
274 276 46
274 663 838
275 276 854
275 365 298
275 618 391
275 443 730
275 616 588
275 620 373
276 277 125
277 329 989
277 529 111
278 279 626
278 280 526
278 578 507
278 660 374
278 315 672
278 508 116
279 280 958
279 368 926
279 695 546
280 281 968
280 282 973
280 457 635
280 436 579
281 284 368
282 284 993
282 611 39
283 624 83
284 526 125
284 430 87
284 432 407
284 671 652
285 287 856
286 287 147
286 288 758
287 289 520
287 535 735
287 397 314
288 668 443
288 454 970
289 479 209
289 619 268
290 291 496
290 600 598
290 332 999
290 313 174
291 292 740
291 293 613
292 572 804
292 472 179
292 460 431
293 294 224
293 295 459
294 366 94
294 378 411
294 472 60
295 296 558
295 412 671
295 420 723
295 574 94
295 680 770
296 297 319
296 298 28
296 333 729
296 412 50
296 573 300
296 679 414
298 395 793
299 324 792
299 594 850
300 301 743
300 302 16
300 689 744
301 545 592
301 339 282
301 363 57
301 489 444
302 304 871
302 690 579
303 508 958
303 404 860
303 651 277
304 306 618
304 419 901
304 644 223
305 307 543
306 307 963
306 413 324
306 317 858
306 469 958
307 309 384
307 673 274
308 309 49
308 456 493
309 311 126
309 450 268
310 437 282
310 541 35
310 574 679
311 312 6
311 622 244
312 313 117
313 314 73
314 315 779
314 446 22
316 317 770
316 318 480
317 319 67
317 553 493
318 319 660
318 643 299
319 321 654
319 412 447
319 610 773
319 687 36
320 555 188
321 323 229
321 559 462
323 324 689
323 325 329
324 326 45
325 670 44
325 414 830
326 328 150
326 339 274
326 448 274
327 328 535
327 329 540
327 505 36
329 330 80
329 427 495
329 423 519
330 331 921
331 332 835
331 394 429
331 440 375
332 333 913
332 334 648
333 620 97
334 335 233
334 336 10
334 636 872
335 593 442
336 549 14
336 627 167
336 644 89
336 540 832
337 338 71
337 593 644
337 600 345
338 339 174
338 340 601
339 341 134
339 404 177
340 341 655
341 342 223
342 343 459
343 374 649
344 346 862
345 346 462
345 347 217
346 348 626
346 689 417
346 621 322
347 377 145
347 597 509
347 622 148
348 396 323
348 462 450
348 676 791
349 613 527
350 351 1
350 475 99
351 364 604
352 606 615
353 354 324
353 633 868
353 424 672
354 355 735
354 658 147
355 356 263
355 357 187
356 357 178
356 372 188
357 699 745
357 388 789
358 359 993
358 360 583
359 614 493
359 691 648
359 542 446
359 647 510
360 624 632
360 541 851
360 397 246
361 493 25
361 458 720
361 691 380
362 657 499
363 539 916
363 629 237
364 366 327
365 367 943
366 367 147
367 368 419
367 529 722
368 370 147
369 371 93
370 371 362
370 372 222
370 526 924
371 372 405
371 390 653
371 495 686
371 626 654
372 374 182
372 523 18
372 526 838
373 374 900
373 375 224
374 376 426
374 630 508
375 427 606
375 420 24
376 377 297
376 378 24
376 588 293
376 431 509
377 470 158
377 410 406
378 380 588
379 436 312
380 381 268
380 382 453
380 651 108
381 383 159
381 502 541
382 383 954
382 484 273
383 384 83
383 616 51
383 623 760
384 550 551
384 428 689
385 386 734
385 387 545
386 511 770
386 685 136
387 561 396
387 405 384
388 389 771
388 572 402
389 390 229
389 584 331
389 601 723
390 392 248
390 404 868
391 392 183
391 393 999
391 466 721
391 588 233
391 643 884
392 393 785
392 473 180
392 450 747
393 457 973
393 418 230
393 606 252
393 505 289
393 523 573
394 396 635
395 397 229
396 397 76
396 447 807
396 662 543
398 400 667
399 676 974
399 573 420
400 402 651
401 438 855
401 694 400
402 404 128
402 655 263
403 573 283
403 635 830
406 605 862
406 547 629
406 441 559
406 653 797
407 409 308
407 682 69
407 532 43
408 409 949
408 548 337
409 662 347
409 575 189
410 411 53
410 488 226
410 611 42
411 445 69
412 530 861
413 596 866
414 415 903
414 485 158
416 417 89
417 419 619
417 447 319
419 420 513
419 421 484
420 587 154
421 422 63
422 541 828
422 551 430
422 655 381
423 425 632
423 486 338
424 425 351
425 427 35
425 663 760
426 427 744
426 428 83
426 431 689
426 525 2
427 529 864
428 688 707
429 541 382
429 609 244
430 432 44
430 594 606
430 581 447
431 455 985
431 671 314
431 460 836
431 477 79
432 697 416
433 694 993
434 436 161
434 505 340
434 634 340
435 437 561
435 663 801
436 437 676
437 522 13
437 535 275
438 439 741
438 440 816
438 692 149
439 440 787
439 441 335
440 442 669
440 487 363
441 442 338
441 561 250
442 443 765
442 616 148
443 444 243
443 445 810
444 446 738
446 658 736
446 519 620
446 511 484
447 448 192
447 449 113
447 550 141
448 450 539
449 589 686
450 451 208
450 570 584
451 452 118
451 453 697
452 631 609
452 617 701
453 653 945
454 455 437
454 483 231
454 521 103
455 699 879
455 695 341
457 459 570
459 460 682
459 461 858
460 633 669
461 463 21
462 464 363
463 690 647
463 630 725
464 466 142
466 468 218
466 566 881
467 510 502
468 470 606
469 470 81
470 472 48
471 525 916
471 627 70
471 602 663
472 646 952
474 475 149
474 568 698
475 519 111
476 508 813
477 478 700
479 481 900
479 523 248
481 482 137
481 584 456
482 484 125
482 607 135
484 486 284
484 619 535
484 572 876
485 487 84
485 665 266
486 488 189
488 489 792
488 621 346
489 657 163
490 492 55
490 667 198
491 492 242
492 494 129
492 540 424
493 523 555
494 495 939
496 497 881
496 697 142
497 499 478
497 530 204
498 499 191
498 524 8
498 667 322
499 500 905
499 674 843
500 501 714
502 627 44
503 504 477
503 505 107
504 505 730
505 582 800
506 507 534
506 695 620
507 509 870
507 539 751
507 666 947
509 510 467
509 619 283
510 512 938
510 634 674
511 512 582
511 513 335
512 533 20
513 514 455
513 553 326
514 515 117
514 516 594
515 516 586
515 517 576
516 518 188
517 519 614
517 645 47
518 519 867
518 541 54
519 521 174
520 522 88
520 645 729
520 657 794
521 574 791
522 551 273
523 524 143
524 580 781
527 529 886
528 529 266
529 530 427
530 532 853
531 532 199
531 664 691
531 678 975
531 666 285
531 565 988
532 578 244
533 579 357
534 535 788
535 536 76
535 537 529
535 641 648
536 537 698
536 538 591
537 539 939
537 655 773
538 540 139
539 644 998
540 564 960
540 552 339
541 694 764
542 544 365
542 610 644
542 598 428
543 544 251
543 545 107
543 679 434
544 678 373
545 673 219
546 623 642
547 549 158
547 604 219
547 577 347
548 549 569
548 686 832
549 550 525
549 551 66
550 632 729
550 695 184
551 603 950
551 698 173
552 553 429
553 555 466
554 555 770
555 556 140
556 557 615
557 558 366
557 559 754
558 560 561
560 585 553
562 563 230
563 602 324
564 565 678
564 612 914
564 635 231
565 566 539
565 593 247
566 655 345
567 651 344
568 570 649
569 570 253
569 584 769
570 571 263
571 572 833
572 645 78
574 575 798
574 657 221
575 634 788
575 596 155
576 577 619
577 674 36
578 668 347
578 646 102
579 581 670
579 633 103
580 581 249
580 582 44
581 587 662
582 586 927
583 691 153
584 586 226
585 587 162
586 587 288
586 588 863
587 589 628
589 590 598
589 591 925
589 611 692
589 697 365
591 608 780
595 596 82
596 597 241
598 655 969
598 681 945
599 601 210
599 631 660
600 602 435
601 602 855
601 603 545
602 603 769
603 605 327
605 606 285
605 607 482
606 607 439
606 608 841
607 608 119
607 609 743
608 609 274
608 610 586
608 681 738
609 666 261
612 614 58
613 615 529
614 616 245
617 618 30
618 620 970
620 688 815
621 623 170
622 670 358
622 630 539
623 627 907
624 625 570
625 626 801
625 627 22
627 629 24
627 638 23
628 629 972
628 630 601
629 631 277
630 632 375
631 632 659
635 636 539
637 638 754
638 661 261
639 641 440
640 641 326
640 655 518
641 643 137
642 644 632
643 673 726
643 693 953
644 691 968
645 646 671
645 647 595
646 647 287
647 648 333
648 649 252
648 686 11
649 651 431
650 651 419
652 673 822
653 654 589
654 655 844
655 664 956
656 657 726
656 658 224
658 660 188
659 661 631
660 662 648
661 663 855
663 665 98
668 669 455
668 678 336
669 670 283
669 671 396
670 671 36
672 673 484
672 688 357
674 681 259
675 676 348
675 677 296
676 677 45
676 678 785
677 678 852
677 679 818
680 681 592
682 683 676
683 684 234
683 685 732
684 686 566
685 687 246
686 688 182
694 695 565
695 696 310
696 698 297
698 699 488