0 919 879
0 664 556
0 507 996
1 3 553
1 162 568
1 475 524
2 103 144
2 178 37
2 402 313
2 630 783
3 429 900
3 635 23
4 5 401
4 656 18
4 843 274
4 265 506
5 6 743
5 330 264
5 313 271
6 252 727
6 869 359
7 451 189
7 463 742
8 277 216
8 99 799
9 63 656
9 213 887
9 458 723
9 836 635
9 403 227
10 635 590
10 623 55
10 686 409
10 444 667
10 711 770
11 205 238
11 532 234
11 16 126
11 403 178
12 13 905
12 14 246
13 279 267
13 667 761
14 15 629
14 16 828
14 876 363
15 17 721
15 757 159
16 644 609
16 183 290
17 18 644
17 417 158
18 19 6
18 351 188
19 20 675
19 21 214
19 739 580
19 377 211
20 885 393
20 595 384
21 22 541
21 466 916
22 23 272
22 123 337
22 573 545
23 24 944
23 203 470
24 704 540
24 72 687
24 494 296
25 26 811
25 173 401
25 654 684
26 27 663
26 28 112
26 315 861
27 28 112
27 719 667
28 29 963
28 30 621
28 274 453
28 387 968
28 265 23
28 632 988
28 778 111
29 765 390
29 874 798
30 796 241
30 416 501
31 32 681
31 251 553
31 597 882
32 817 85
32 855 39
33 34 336
33 796 128
34 662 430
34 378 13
34 396 774
35 36 143
35 37 774
35 490 538
35 841 532
35 881 740
36 38 574
36 848 58
36 96 26
37 96 624
37 91 182
38 39 877
38 872 940
38 101 728
38 204 809
39 40 597
39 51 461
40 493 792
40 161 920
40 300 778
41 43 978
41 165 75
41 102 461
41 201 849
42 422 360
42 691 353
43 44 384
43 670 817
43 315 750
44 45 378
44 132 740
44 810 737
45 46 192
45 47 855
46 47 59
46 48 729
46 774 926
47 49 755
47 325 58
47 275 269
47 50 263
48 670 773
48 358 713
48 461 268
49 50 97
49 256 951
50 198 478
50 391 699
50 733 396
50 893 941
50 553 903
51 394 868
51 278 175
52 53 483
52 54 997
52 246 923
53 368 459
53 678 618
53 850 361
53 596 293
54 55 129
54 426 998
55 589 720
55 651 861
55 781 823
55 254 485
56 57 959
56 182 978
57 58 914
57 180 340
57 472 222
58 59 639
58 491 836
58 624 563
58 146 53
58 833 962
59 60 387
59 61 895
59 430 675
60 61 208
60 62 887
60 820 499
60 723 66
61 62 192
61 77 829
61 589 140
61 90 368
61 601 868
61 670 160
62 152 46
62 353 330
62 382 745
63 64 608
63 480 723
64 65 956
64 66 399
64 479 186
64 626 3
64 907 926
65 66 788
65 689 793
66 567 282
66 547 747
66 387 969
66 745 237
67 68 256
67 727 605
67 719 585
67 182 129
67 295 656
67 673 311
68 449 344
68 391 187
68 329 183
69 228 314
69 488 337
69 439 26
70 532 200
70 897 76
70 485 612
71 675 873
71 569 510
71 230 681
71 728 165
72 74 293
72 803 187
72 376 291
72 771 419
73 74 220
73 240 17
74 75 303
74 76 577
74 524 256
75 792 928
75 311 238
75 891 450
75 402 520
76 213 334
76 295 451
76 828 945
77 442 512
77 516 483
77 253 653
78 79 849
78 567 359
78 435 799
78 594 237
78 754 829
78 846 393
79 81 316
79 852 892
79 502 931
80 430 351
80 338 356
80 281 97
81 815 382
81 704 261
81 302 834
81 515 995
82 84 526
82 677 127
82 137 890
82 234 801
82 178 654
83 84 440
83 138 653
83 803 159
83 812 541
84 283 565
84 840 126
84 825 624
85 87 230
85 900 403
85 117 236
86 88 733
86 898 448
86 611 855
86 842 232
87 88 151
87 269 508
87 224 292
87 219 310
88 89 616
88 90 240
88 312 677
88 464 120
88 197 920
88 651 234
89 91 453
89 542 312
90 486 531
91 92 133
91 884 16
92 94 869
92 786 805
92 286 775
92 872 574
92 298 201
93 95 139
93 228 984
93 783 46
94 330 920
94 544 722
95 96 773
95 232 368
95 826 720
95 832 149
96 282 671
96 733 599
96 799 301
97 493 849
97 813 53
98 100 865
98 272 904
99 100 757
99 144 87
100 101 981
100 250 229
101 323 50
101 521 824
102 104 320
103 105 737
103 919 426
103 414 427
103 879 438
104 601 505
104 883 19
104 244 279
105 912 352
105 814 873
105 696 341
105 166 934
106 798 486
106 199 925
106 801 159
107 306 992
107 360 167
108 626 26
108 426 656
108 129 760
109 110 45
109 723 787
109 311 682
109 896 643
110 111 677
110 112 792
111 255 610
111 297 632
112 114 544
112 638 508
112 858 309
113 114 678
113 214 287
113 875 71
114 116 413
114 227 847
115 187 297
115 369 529
115 543 846
115 329 915
116 117 373
116 279 294
116 609 606
117 118 656
117 537 395
118 320 180
118 302 133
118 151 882
118 839 871
118 874 356
119 852 319
119 822 261
120 122 403
120 428 251
120 617 26
121 123 203
121 479 298
121 775 792
122 123 549
122 124 742
123 124 15
123 850 630
123 147 840
123 606 327
124 126 333
124 483 267
124 240 65
124 544 674
124 912 858
125 127 22
125 138 316
125 417 823
125 687 244
126 127 304
126 128 113
126 481 910
127 400 978
127 423 514
127 528 26
128 844 573
128 810 468
128 813 330
128 438 505
129 130 812
129 411 540
130 131 457
130 179 503
130 812 800
131 480 570
131 487 666
131 707 494
132 657 355
133 134 818
133 146 81
133 847 480
133 245 412
133 614 804
134 135 910
134 136 727
134 423 378
135 137 579
135 142 597
135 356 966
136 538 473
136 676 82
136 270 535
137 754 231
138 140 942
138 701 421
138 188 556
139 141 804
139 169 303
140 141 698
140 328 448
140 404 418
141 142 979
141 741 844
142 143 4
142 276 392
142 396 384
142 653 642
142 738 380
143 409 329
143 557 69
143 869 621
144 848 805
144 157 792
144 783 369
144 515 200
144 475 139
145 568 482
145 609 245
145 917 925
146 148 607
146 552 426
147 148 543
147 149 771
147 462 486
147 511 456
147 647 23
148 149 130
148 175 961
148 269 343
148 766 626
149 150 936
149 151 42
150 151 282
150 554 30
151 290 412
151 591 537
151 782 458
151 517 483
152 343 886
152 277 617
152 364 466
152 505 555
153 357 445
153 335 921
153 406 333
154 155 727
154 611 575
155 156 597
155 157 787
155 332 938
155 388 894
155 608 820
156 538 792
156 261 997
156 353 226
157 159 792
158 246 374
158 845 482
158 396 264
159 690 232
159 811 133
159 174 279
160 545 114
160 602 248
160 557 500
160 299 529
160 869 945
161 658 465
161 488 467
161 512 491
161 546 678
162 163 166
162 377 77
162 633 711
162 820 594
162 524 974
163 165 443
163 630 472
164 165 830
164 800 684
164 357 496
165 166 971
165 798 79
165 493 664
166 167 838
166 386 781
166 636 461
167 168 198
167 256 30
167 269 623
168 170 800
168 458 485
168 570 560
168 356 631
169 170 773
169 171 808
169 348 408
170 803 425
170 608 821
170 307 451
170 681 927
171 173 697
171 191 462
171 419 708
172 173 66
172 174 451
172 805 833
173 174 247
173 877 370
174 176 121
174 670 553
175 177 450
175 881 413
176 178 681
176 828 407
176 493 483
176 718 397
176 183 801
177 178 691
177 179 704
177 646 513
177 256 210
178 179 895
178 366 829
179 241 344
179 249 219
179 237 421
180 181 249
180 234 570
180 363 73
180 574 747
181 182 415
181 379 218
181 814 484
182 602 157
183 184 613
184 186 938
184 701 122
184 553 280
184 529 279
185 186 882
185 187 121
186 187 266
186 734 772
186 565 178
187 448 814
187 824 560
187 724 498
188 556 701
188 785 62
189 685 749
189 577 628
189 917 754
190 192 570
190 440 897
191 529 56
191 518 647
191 908 368
192 193 466
192 194 305
192 277 211
193 324 727
193 873 315
193 549 247
194 195 556
194 381 390
195 196 289
195 197 561
196 604 741
196 512 849
197 848 890
198 199 530
198 424 558
199 200 89
199 201 961
200 202 56
200 879 541
200 684 810
201 203 730
202 204 977
202 842 91
202 848 449
202 273 700
203 205 486
203 851 856
203 283 115
203 791 347
204 205 732
204 454 735
205 875 60
205 616 467
206 677 173
206 577 153
206 421 435
206 554 86
206 581 27
207 857 664
207 451 197
207 266 664
208 210 87
208 822 662
209 840 112
209 745 656
209 793 760
210 726 341
210 853 138
210 523 472
211 212 292
211 434 230
211 860 257
211 274 638
212 213 212
212 300 170
213 281 83
213 600 384
213 832 499
213 821 159
214 687 761
214 549 373
215 216 637
215 540 5
215 304 419
216 861 977
216 706 119
217 219 213
217 859 693
217 583 792
217 341 41
217 612 948
218 219 828
218 302 142
218 773 846
218 885 556
219 559 530
219 901 997
220 221 237
220 733 949
220 360 614
221 356 312
221 828 508
222 223 471
222 397 16
222 601 683
223 224 376
223 280 370
223 643 231
224 225 541
224 226 820
224 492 34
225 226 258
225 506 399
225 840 207
226 228 593
226 570 908
227 229 795
227 242 470
228 229 577
228 230 754
229 231 620
229 558 195
229 357 874
229 884 765
229 751 348
230 231 366
230 422 442
231 233 992
231 689 476
232 459 699
232 265 632
232 579 765
233 235 11
233 699 770
233 849 876
233 898 757
233 599 475
234 480 529
234 529 729
234 706 565
235 236 760
235 400 111
235 414 609
235 539 581
235 586 788
235 856 999
236 238 498
236 588 499
237 238 245
237 239 6
237 843 3
238 239 307
238 240 977
238 270 531
239 241 19
239 889 677
240 241 40
240 586 604
240 852 693
240 890 770
241 745 504
242 243 335
242 672 269
242 744 419
242 624 412
243 244 702
243 738 857
244 245 476
245 246 360
246 247 237
247 774 527
247 296 482
247 257 90
247 268 225
248 595 559
248 618 140
248 879 503
248 483 621
249 557 123
250 437 936
250 586 404
251 300 838
251 643 329
251 543 510
252 755 529
252 521 839
252 849 996
253 530 212
254 680 703
255 256 940
255 257 19
255 667 273
257 259 643
257 432 649
258 259 466
258 260 863
258 655 642
259 766 256
259 827 864
259 801 337
259 767 737
260 261 762
260 287 14
260 497 783
261 263 387
261 398 700
262 263 123
262 426 567
263 290 274
263 462 162
264 265 26
264 517 254
264 538 478
265 882 999
265 634 249
265 588 240
266 267 699
266 268 547
266 316 601
267 269 788
267 905 182
268 269 307
269 271 426
270 446 793
271 895 120
271 546 755
271 317 31
272 274 644
272 727 416
273 679 248
275 657 377
276 277 888
276 278 862
276 533 378
278 280 864
278 387 489
279 281 766
280 282 245
280 887 75
281 283 304
282 284 859
282 368 172
282 578 934
283 285 261
283 581 681
283 717 44
284 286 262
284 404 3
285 287 175
285 790 539
286 361 156
286 514 760
286 640 404
287 866 96
288 289 838
288 290 592
289 291 520
289 543 498
289 578 864
290 291 432
290 349 80
290 666 635
290 661 752
291 292 362
291 293 452
292 487 483
292 782 57
292 454 269
293 294 149
293 551 716
293 719 431
294 295 570
294 514 289
294 627 843
294 829 401
296 424 1
296 552 245
297 299 180
297 696 523
298 869 385
299 814 869
300 302 183
300 722 563
301 302 743
301 614 982
301 722 272
302 304 872
303 744 630
303 755 378
303 399 921
303 458 915
304 305 622
305 919 912
305 331 37
305 583 679
305 332 715
306 560 613
306 605 664
306 476 278
307 308 643
307 363 258
308 901 885
308 766 904
308 871 132
308 535 541
308 453 337
309 310 927
309 861 959
309 816 647
309 433 62
310 480 124
310 653 909
311 313 687
312 880 239
313 450 406
313 778 194
313 877 288
314 315 915
314 316 913
314 841 490
315 316 444
315 833 653
316 318 208
317 719 477
317 461 92
317 458 4
318 320 796
318 685 356
318 740 167
319 605 861
319 654 47
320 916 239
320 425 718
320 391 57
321 322 27
321 423 467
322 324 436
322 420 901
322 696 763
322 777 257
323 325 256
323 873 922
323 488 663
324 399 370
324 669 912
325 326 168
325 327 418
326 804 171
326 604 283
326 575 946
326 720 34
326 844 795
327 329 73
327 665 739
328 438 828
328 467 27
329 330 816
330 332 333
330 748 526
330 573 354
330 894 477
331 834 621
331 822 320
333 335 94
333 493 46
334 683 108
334 796 91
335 336 366
335 337 322
336 345 391
336 917 268
337 856 870
337 628 186
337 873 750
338 629 377
338 481 118
339 340 345
339 746 198
340 798 761
340 823 270
341 342 754
342 344 250
342 381 280
342 737 3
343 344 791
343 498 147
344 345 125
344 346 463
345 347 320
345 400 175
345 563 788
346 347 124
346 405 70
347 348 378
347 852 606
348 644 546
349 351 765
350 831 404
350 879 144
350 577 904
351 353 142
351 878 282
352 612 560
352 824 257
352 360 309
352 666 844
353 354 907
353 516 327
353 731 67
354 902 775
354 682 514
355 649 590
355 852 424
355 686 131
356 725 24
356 835 827
356 383 807
356 814 143
357 882 728
358 777 489
359 361 862
359 424 751
359 444 705
359 623 505
360 715 637
360 675 307
361 865 422
362 363 815
362 818 64
363 671 38
364 555 49
364 588 894
365 376 671
365 629 957
366 368 108
367 369 702
367 492 698
367 708 570
368 379 228
369 371 866
369 665 100
370 371 870
370 372 905
371 372 422
371 549 830
371 731 266
371 597 907
371 640 636
372 373 707
372 579 936
372 536 764
373 375 855
373 468 408
373 709 335
374 375 968
374 376 983
374 418 237
374 915 452
375 376 13
375 377 567
375 729 938
376 590 234
378 795 835
379 612 212
379 800 127
379 897 388
379 415 710
380 382 608
380 785 249
381 383 400
381 687 616
382 383 170
382 679 847
383 384 204
384 386 667
384 876 579
385 801 233
385 881 151
386 388 381
387 389 735
387 593 142
388 390 522
388 889 450
388 906 244
389 390 197
389 391 810
389 908 802
390 775 750
390 834 953
391 704 330
392 393 130
392 808 661
393 395 14
393 854 1
394 396 44
394 568 559
394 715 874
394 473 360
395 397 402
395 496 332
396 397 421
396 455 325
397 582 116
398 885 101
399 400 88
399 401 183
399 450 658
400 402 120
400 732 760
400 523 50
400 721 203
401 402 258
401 403 960
401 457 122
401 559 452
401 514 20
402 473 234
403 404 296
403 725 222
404 707 977
404 428 783
404 759 125
405 407 440
405 768 729
406 769 25
407 408 621
407 409 521
407 472 145
407 784 469
408 409 353
408 410 407
408 909 383
409 410 791
409 411 952
410 412 164
410 456 89
410 532 314
411 412 1
411 809 174
412 413 998
412 414 877
412 741 310
413 474 423
413 517 288
413 856 955
414 572 783
415 742 7
416 417 62
416 836 12
417 419 344
417 605 430
417 870 698
417 877 752
418 419 5
418 501 858
419 421 898
420 421 11
420 430 631
420 689 992
421 422 666
422 708 378
422 485 216
422 880 331
423 714 419
423 656 190
424 426 469
425 514 637
425 702 588
426 427 270
426 529 595
427 428 581
427 681 864
428 430 704
428 693 898
429 430 135
429 563 316
430 431 17
431 433 269
431 714 853
431 769 561
432 814 571
432 477 745
432 450 785
433 434 672
433 647 883
434 436 693
435 628 473
436 437 436
436 658 521
436 465 265
437 788 331
437 536 519
438 825 637
438 486 782
439 608 845
439 540 950
440 441 116
440 738 637
441 883 317
441 783 697
442 514 510
443 445 853
443 641 596
444 706 173
445 862 915
445 615 910
445 568 512
446 788 561
447 449 217
447 510 585
448 450 360
448 905 179
448 909 398
449 882 755
449 526 35
450 451 888
450 878 645
451 670 799
451 511 29
452 859 608
452 655 287
453 544 673
454 455 25
455 512 415
455 780 448
455 472 838
456 457 838
456 458 268
456 886 73
457 459 447
457 860 587
458 807 123
458 463 776
458 904 596
459 460 631
459 531 956
459 671 384
460 461 83
460 879 297
461 682 6
462 785 947
462 743 323
463 464 882
464 798 839
465 466 164
466 526 635
466 489 762
466 631 787
467 468 858
467 547 209
467 847 199
468 470 557
468 851 678
469 470 492
469 714 657
470 472 554
470 774 146
470 606 62
470 631 935
471 472 615
471 495 644
472 842 515
473 751 829
473 905 699
474 475 892
474 476 629
475 721 794
476 752 702
477 589 180
477 805 755
478 479 680
478 755 93
479 481 962
480 482 208
481 482 66
482 483 953
482 484 649
482 567 780
483 670 93
483 504 347
484 518 322
484 831 85
484 588 3
484 669 138
485 618 67
485 779 34
486 487 766
486 737 881
487 552 608
487 648 770
487 689 171
488 489 489
488 527 655
489 491 973
489 859 159
490 491 890
490 507 560
490 570 464
490 693 108
491 493 992
491 717 40
491 823 157
492 494 636
492 788 927
493 513 682
493 864 463
494 707 969
494 746 478
495 718 200
495 757 556
495 620 800
496 497 739
496 825 469
496 817 436
496 520 318
497 498 96
497 499 669
498 499 222
498 802 537
498 667 556
499 797 534
499 738 172
500 501 306
500 659 717
500 505 804
501 502 654
502 503 410
503 504 738
503 890 516
504 505 780
504 742 561
505 506 790
505 681 600
505 787 985
506 657 700
506 685 493
506 565 770
507 509 50
507 713 866
508 510 819
508 859 519
508 582 366
508 643 303
509 511 139
509 896 169
510 512 760
510 687 499
511 593 794
511 887 514
513 708 779
515 835 713
516 840 92
516 669 562
516 871 617
517 734 872
518 529 272
519 852 397
519 772 783
520 910 612
520 633 562
520 756 844
522 524 53
522 726 499
523 732 269
525 526 245
525 855 23
526 527 948
526 567 395
527 529 522
527 679 97
528 529 289
529 662 142
529 537 652
530 532 324
530 881 550
531 532 736
531 533 278
533 689 459
533 918 847
534 535 847
534 536 652
535 537 931
535 691 23
536 537 526
536 538 398
536 838 682
538 787 964
539 540 625
539 688 765
540 542 117
541 542 612
541 899 907
542 543 94
542 874 358
543 545 196
543 799 725
544 545 777
544 702 245
545 546 506
545 767 183
545 660 681
548 550 515
548 810 696
548 821 885
549 583 599
550 552 822
550 899 900
551 552 892
551 553 302
552 876 464
553 818 450
553 650 441
553 655 349
554 755 156
555 557 252
556 558 334
556 638 220
557 559 143
558 559 798
558 560 234
558 700 652
558 811 748
559 561 320
560 561 163
560 859 300
560 711 965
561 562 854
561 563 381
561 588 395
562 563 519
562 863 793
563 723 530
564 566 455
564 576 388
565 566 130
566 567 484
566 599 884
566 728 608
567 853 994
568 569 843
569 571 720
569 709 918
569 592 245
571 572 25
571 776 734
572 573 105
572 794 381
573 610 425
573 589 474
573 808 206
574 575 773
575 576 920
575 791 55
576 578 111
576 685 534
576 715 654
577 779 726
580 581 278
580 627 499
582 634 996
583 754 805
584 585 618
584 772 305
585 586 353
585 587 802
585 780 879
585 782 744
587 737 372
587 842 412
589 590 546
590 592 852
590 739 656
590 836 322
591 663 952
592 909 476
592 802 745
592 609 220
592 692 442
593 916 561
594 801 704
594 728 635
595 596 69
595 597 837
595 711 469
596 781 258
597 598 911
598 599 39
598 600 207
598 677 390
600 602 817
601 737 205
602 604 167
602 697 401
603 605 602
603 625 656
604 605 632
604 606 181
605 607 170
605 795 208
605 796 839
606 621 296
607 609 234
607 872 154
608 733 302
609 610 465
610 815 146
610 718 522
610 753 417
610 828 243
611 613 380
612 776 946
613 615 794
613 674 768
614 615 907
615 617 179
615 734 12
616 617 476
616 618 400
617 619 473
618 719 629
618 629 190
619 620 103
619 704 939
619 649 953
619 919 759
620 621 158
620 857 336
621 815 67
621 710 447
621 658 674
622 624 429
622 861 997
622 801 877
622 917 17
623 688 609
624 626 943
625 626 118
625 627 429
626 628 287
626 770 508
627 748 972
628 630 9
628 754 386
628 835 95
630 631 196
631 697 294
632 633 139
632 863 670
634 735 226
635 637 799
635 762 283
636 904 881
637 639 993
637 703 687
638 639 824
639 640 580
639 641 665
639 844 339
640 876 550
641 642 672
641 696 806
642 643 492
642 797 892
642 688 103
644 829 572
644 763 618
644 739 615
644 710 699
645 915 227
645 805 456
645 750 571
646 648 858
646 873 932
648 772 114
649 650 930
649 691 804
650 651 603
650 898 532
651 753 134
652 666 912
652 738 575
653 654 747
654 875 848
656 888 538
657 658 822
657 659 61
657 908 971
659 660 689
659 809 192
660 895 995
660 888 146
661 662 524
661 663 751
662 664 574
662 837 264
663 664 343
663 842 948
664 665 929
664 666 752
665 679 334
666 847 932
668 670 759
668 881 253
670 720 180
670 798 314
672 674 273
673 674 545
673 692 409
673 785 31
674 675 574
674 676 763
674 733 407
674 857 170
675 677 878
675 694 761
676 678 78
676 891 353
677 756 286
678 680 96
679 758 709
679 789 656
680 682 908
680 898 942
680 698 411
682 683 678
682 684 748
682 765 771
683 685 400
683 858 174
684 685 165
684 739 129
685 686 734
685 687 512
685 775 510
686 871 975
687 689 450
689 690 426
690 691 41
690 692 598
691 693 333
694 696 831
695 696 673
695 855 654
695 863 767
696 697 928
697 699 880
698 699 697
698 830 961
699 701 690
699 835 961
700 744 696
701 703 409
701 864 798
701 792 585
702 777 550
703 749 564
703 918 306
703 915 473
705 706 754
705 707 343
705 756 389
706 855 628
707 708 864
708 910 137
709 710 429
709 806 268
712 713 858
712 751 291
713 752 691
714 827 20
716 717 273
716 718 443
717 837 549
718 720 37
719 793 65
720 907 112
721 731 423
724 725 902
726 727 697
726 818 244
727 744 391
729 730 382
729 786 53
729 861 900
730 731 559
730 732 664
732 734 543
734 771 790
735 737 477
735 868 351
736 737 636
736 738 504
737 797 622
737 748 673
737 786 828
738 739 708
740 741 44
741 764 34
742 743 980
743 744 263
744 746 606
746 748 78
746 853 636
746 817 895
747 748 476
747 914 735
748 752 95
748 906 652
749 751 826
749 863 86
750 904 118
751 752 33
751 888 495
752 753 330
752 754 227
755 757 398
757 759 589
758 759 70
758 831 965
759 760 507
759 761 828
760 761 181
760 762 773
761 762 802
761 763 875
762 763 307
762 764 521
762 914 930
763 765 932
764 765 257
764 766 50
764 870 580
765 767 89
767 768 208
768 769 307
768 770 792
769 770 948
770 771 328
771 804 95
772 773 140
772 774 918
772 845 540
773 774 819
774 875 46
775 868 169
776 777 505
776 851 230
777 778 965
779 866 434
781 782 924
781 783 914
784 903 58
785 787 992
785 788 589
787 897 610
789 790 231
790 791 43
790 792 51
792 794 361
793 794 745
793 795 62
793 869 830
793 883 238
794 878 519
795 797 626
796 907 63
797 799 237
798 799 700
800 804 890
802 804 519
804 805 828
804 875 714
806 807 891
807 879 717
808 897 431
808 819 294
809 810 492
810 812 808
811 862 925
812 813 253
813 815 282
815 817 796
816 817 484
816 818 542
816 866 617
817 819 964
818 820 473
819 821 393
820 822 667
821 822 422
822 823 281
822 835 381
823 825 180
824 826 958
825 860 425
826 827 815
827 829 431
828 868 333
829 870 441
830 859 116
834 836 988
835 857 290
837 839 645
838 840 139
838 867 44
839 840 601
839 864 902
840 841 300
845 912 105
846 901 443
846 890 88
848 850 860
849 858 642
850 852 638
851 852 670
853 854 225
853 855 325
854 855 49
854 856 269
855 857 647
856 857 77
858 860 57
862 863 472
863 865 638
864 913 339
865 866 656
865 867 848
866 867 957
867 868 893
868 869 347
871 873 295
872 874 986
874 875 375
876 878 416
878 880 798
880 881 237
882 884 518
883 884 522
883 897 891
884 886 992
885 886 253
886 888 148
889 891 34
891 893 73
892 893 507
892 894 895
893 895 828
894 895 397
895 896 134
895 897 401
896 897 424
897 917 755
897 911 653
899 900 660
899 901 564
900 901 396
900 902 954
901 902 787
902 903 752
902 911 802
903 904 530
903 905 612
904 905 256
905 906 349
910 911 892
911 912 226
913 919 526
914 915 152
915 916 35
916 917 157