0 278 513
0 232 419
0 12 18
0 37 669
0 269 508
0 199 656
1 3 2
1 279 629
1 115 663
2 3 326
2 97 515
2 155 314
3 4 486
3 196 835
3 146 523
4 6 713
4 159 687
4 276 471
5 7 978
5 277 364
5 15 735
6 8 840
6 205 778
6 257 28
6 78 125
6 118 746
6 222 703
6 249 245
7 255 694
7 247 553
8 155 181
8 108 117
8 243 455
8 194 516
8 57 298
9 10 439
9 110 938
9 62 855
10 12 900
10 182 287
11 12 472
11 13 291
11 94 861
12 52 370
12 81 271
13 204 855
13 224 855
13 209 231
14 16 797
14 262 548
14 54 946
14 175 703
15 193 752
16 17 177
16 158 140
17 18 304
17 201 795
17 229 484
17 122 667
18 20 671
18 88 53
18 28 316
18 49 512
18 192 767
19 20 995
19 47 3
19 252 847
19 194 668
20 22 990
20 81 264
20 149 868
20 240 514
21 230 834
21 155 273
21 41 713
21 229 933
22 99 257
22 55 268
22 25 296
23 91 291
23 112 553
23 46 818
24 169 985
24 278 664
25 245 607
25 152 806
26 81 873
26 199 730
26 63 965
26 83 933
27 230 26
27 46 312
27 217 337
28 159 963
28 235 973
28 36 378
29 30 137
29 276 76
29 104 372
30 274 73
30 42 675
31 204 982
31 213 921
32 52 832
32 110 567
33 34 698
33 35 993
34 187 341
34 116 628
34 186 704
35 216 854
35 41 200
35 222 896
36 169 349
36 152 340
37 39 128
37 38 597
37 131 220
37 143 9
38 40 825
38 84 166
38 73 396
38 168 252
39 40 274
39 188 726
40 41 449
40 67 35
40 263 136
40 266 889
40 122 897
40 180 757
41 43 447
41 62 653
42 44 725
42 69 7
42 104 232
43 123 991
43 192 965
44 45 432
44 262 580
44 52 652
45 46 683
45 138 707
45 80 301
45 103 554
45 145 838
46 47 909
46 48 500
46 270 35
46 144 171
47 49 937
47 147 465
47 212 302
48 49 608
48 50 653
48 163 503
48 216 388
48 266 24
49 50 714
50 51 762
50 246 745
51 103 377
51 245 776
51 146 988
52 54 311
52 221 187
53 256 527
53 193 825
54 232 970
54 237 271
54 105 892
54 234 146
55 57 826
55 265 758
56 269 280
56 213 24
57 216 88
57 268 61
57 106 38
57 263 299
58 59 964
58 247 366
58 113 408
58 271 892
59 61 629
59 216 221
59 164 205
60 62 519
60 237 224
60 136 186
61 62 236
61 63 689
61 220 698
62 72 347
63 231 562
63 105 407
63 260 61
63 272 831
64 66 96
64 104 419
64 158 979
64 211 765
65 66 384
65 91 724
66 68 282
66 177 479
67 69 976
68 70 290
68 172 838
68 110 29
69 71 181
69 129 746
69 124 123
70 71 911
70 72 299
70 251 693
71 72 518
71 217 3
71 252 186
71 230 51
72 74 527
73 79 869
73 242 125
74 216 663
74 148 322
74 121 200
74 124 703
75 83 673
75 268 174
76 78 181
76 140 258
76 162 513
76 95 229
77 78 644
77 198 771
78 277 704
78 178 626
78 110 489
79 80 626
79 136 955
79 206 742
80 209 682
80 81 469
81 124 268
82 84 10
82 115 671
82 230 561
83 84 51
83 113 766
83 129 634
84 192 676
85 86 830
85 87 325
86 138 970
86 139 387
86 185 636
87 89 669
87 146 691
88 89 120
88 90 976
89 91 389
89 243 767
89 119 933
89 193 516
89 250 522
90 91 165
90 92 818
91 92 559
91 205 764
92 234 959
92 187 369
93 272 916
93 102 674
94 202 469
94 252 529
95 187 581
95 193 139
96 176 23
96 234 73
96 194 18
96 224 324
97 98 496
97 138 457
97 184 571
98 100 956
98 139 846
99 100 633
99 249 956
100 102 660
100 198 150
100 105 885
100 140 502
100 132 173
101 260 403
101 240 588
101 256 305
102 115 122
102 177 664
102 182 707
103 134 770
104 183 280
105 222 37
106 107 657
106 187 703
107 108 868
107 196 58
108 131 575
108 261 387
109 129 712
109 213 27
109 231 602
109 201 345
110 134 912
111 112 712
111 277 754
112 114 738
112 154 526
113 209 910
113 131 354
114 115 327
114 116 533
114 187 977
114 167 89
115 116 754
115 200 189
116 118 364
117 118 702
117 119 911
117 195 955
117 216 188
118 204 2
118 177 186
119 120 601
119 168 348
119 276 852
120 121 581
120 240 942
120 162 418
121 271 665
121 269 245
122 154 103
123 124 123
123 275 280
123 130 888
124 243 328
125 250 304
125 246 741
125 211 51
126 127 753
126 128 127
127 129 163
127 252 85
128 130 14
128 167 721
129 206 366
130 132 36
130 179 796
131 172 411
132 200 224
132 135 877
133 135 825
133 219 626
133 190 386
134 135 936
135 259 956
136 267 728
137 139 903
137 250 515
137 181 902
138 230 654
138 161 912
138 195 133
139 204 396
140 142 331
141 142 425
141 143 290
141 241 253
141 156 741
142 143 500
142 144 589
142 271 181
142 244 650
142 248 724
143 144 629
143 152 768
143 182 722
144 145 524
145 146 190
146 147 289
146 223 406
147 222 205
148 176 368
148 227 766
148 151 513
148 212 952
149 169 8
149 215 937
149 223 626
150 151 634
150 202 31
151 243 741
152 203 609
153 191 538
153 172 641
153 193 788
154 156 576
156 157 986
157 158 318
157 159 323
158 160 103
159 161 603
159 244 629
160 161 671
160 269 603
161 162 281
161 215 352
163 245 115
164 165 835
165 166 384
165 236 948
166 168 929
166 274 551
167 277 830
167 173 582
169 171 535
170 171 212
170 203 314
170 207 677
171 173 536
171 220 896
172 232 672
172 259 326
173 261 174
174 175 560
174 176 253
175 246 843
176 177 461
176 274 468
176 245 320
178 190 72
179 181 721
179 195 606
180 181 650
180 253 776
181 236 314
181 198 439
182 183 509
182 218 76
183 185 176
183 253 482
184 185 938
185 186 290
185 260 286
186 188 735
186 266 233
187 206 935
187 231 503
188 190 597
188 210 144
189 190 681
189 191 783
190 192 570
190 196 598
191 193 29
191 228 319
192 215 252
192 267 768
193 236 908
194 272 842
194 264 44
197 199 234
197 251 664
197 262 543
198 199 242
198 227 77
198 247 991
200 201 203
200 202 667
200 241 791
201 226 950
202 203 393
202 265 493
202 210 69
203 204 672
204 205 309
204 206 170
205 206 375
205 207 837
206 208 129
206 245 517
207 208 788
207 219 949
208 209 537
208 210 642
209 210 491
210 245 972
211 242 40
213 258 392
214 215 924
214 216 73
215 245 401
218 247 339
219 220 782
220 221 353
221 222 40
223 224 361
224 225 733
225 226 644
225 227 491
226 227 663
227 252 807
228 230 458
228 265 349
230 231 75
231 233 580
231 254 773
232 233 303
233 234 552
233 268 578
235 271 950
236 238 188
237 274 358
238 239 235
238 240 734
239 241 745
239 255 765
240 242 871
242 243 598
244 245 662
245 246 440
246 248 488
248 249 467
249 250 214
250 251 684
251 252 816
254 256 334
255 256 790
255 257 589
256 257 380
257 262 372
258 259 775
258 260 219
259 263 188
260 261 680
261 262 498
264 266 281
265 266 284
266 268 964
267 279 343
268 270 679
269 270 158
270 275 742
272 273 28
273 274 741
273 275 62
274 276 689
275 277 474
277 278 233
277 279 395
278 279 369