0 2 58
0 701 350
1 2 715
1 640 202
2 328 759
2 160 738
2 713 29
2 123 458
2 109 385
2 367 925
3 4 118
3 690 963
3 231 751
4 5 933
4 6 89
4 379 477
4 844 580
5 7 756
5 342 548
6 545 671
6 485 86
6 503 541
6 865 675
6 590 915
7 9 68
7 703 335
7 581 741
8 9 887
8 10 684
8 193 673
9 863 61
9 277 862
9 712 530
9 906 766
9 249 342
9 242 408
10 11 651
10 12 930
10 741 116
11 12 215
11 666 571
11 920 196
12 13 954
12 92 140
12 142 606
12 199 704
12 666 440
13 15 260
13 523 142
13 787 277
14 365 155
14 132 855
15 17 327
15 540 694
16 18 180
16 869 626
16 218 605
16 598 363
16 613 439
17 18 20
17 19 895
17 315 65
17 494 663
18 20 177
18 355 873
18 118 157
19 21 691
19 605 734
19 405 594
19 716 36
19 515 931
20 21 896
20 108 672
20 74 878
21 22 864
21 23 168
21 507 302
22 23 610
22 24 845
22 302 48
22 729 180
23 25 452
23 192 299
24 489 786
24 650 572
24 340 533
24 849 479
25 26 749
25 562 566
25 120 342
26 28 98
26 165 441
27 283 312
27 47 379
27 438 861
28 29 333
28 30 90
28 541 127
29 629 905
29 637 78
29 887 380
30 32 73
30 50 412
31 32 689
31 762 419
31 563 851
32 33 144
32 61 301
33 34 105
33 382 116
34 573 954
34 73 588
35 737 45
35 916 465
35 836 628
35 927 273
36 37 517
36 472 240
36 293 30
37 39 179
37 423 40
37 256 757
37 617 620
37 865 332
38 40 16
38 207 919
38 758 262
39 41 495
39 439 608
39 396 388
39 426 874
40 42 751
40 417 582
41 309 926
41 121 311
41 905 500
42 43 838
42 488 388
42 496 198
42 853 437
43 532 462
43 70 504
43 418 738
43 656 481
43 870 177
44 685 96
44 344 773
44 739 34
45 46 391
45 47 336
46 47 167
46 717 536
47 49 183
48 49 863
48 50 294
48 618 673
48 477 427
48 499 71
49 51 492
49 705 668
49 909 713
50 229 756
50 730 86
51 53 399
51 132 596
51 507 29
52 480 642
52 829 502
52 702 631
52 810 186
53 279 757
53 708 357
54 55 397
54 56 420
54 116 963
55 491 5
55 755 143
56 234 552
56 747 188
56 332 637
56 417 793
57 58 964
57 59 263
57 642 296
58 59 6
58 60 971
58 371 79
58 901 605
59 60 121
59 273 286
60 669 869
60 872 568
60 226 595
61 62 275
61 63 284
61 304 781
61 879 1
62 133 174
62 522 255
63 65 7
63 514 847
63 217 694
63 542 559
63 632 564
63 919 896
64 746 763
64 782 945
64 856 467
64 116 491
65 67 60
65 288 744
65 283 253
66 75 950
66 279 403
66 658 774
66 400 659
67 670 704
67 99 55
67 455 715
67 633 485
67 213 939
67 94 678
67 758 315
68 743 651
68 381 943
68 463 723
68 513 75
69 71 544
69 549 336
69 635 816
70 72 623
70 294 315
71 73 183
71 654 414
71 638 222
71 246 846
71 620 537
71 634 211
71 722 964
71 759 601
72 73 302
72 294 861
72 794 149
72 684 482
72 107 832
73 286 858
73 375 256
73 423 351
74 76 214
74 625 474
75 325 460
75 505 161
75 558 668
76 631 628
76 415 945
76 706 160
77 637 787
77 292 872
77 765 988
78 907 333
78 215 952
78 212 596
79 759 707
79 693 906
80 81 660
80 82 608
80 855 115
80 422 627
81 558 820
81 193 130
81 307 927
81 112 48
81 466 321
82 288 606
82 275 818
82 440 970
82 761 865
82 589 166
83 84 393
83 85 836
84 85 198
84 468 327
84 427 459
85 766 156
85 829 666
86 87 17
86 285 131
87 88 685
87 515 137
87 543 819
87 851 356
88 90 230
88 839 686
88 583 155
88 298 822
89 709 206
89 871 85
90 92 848
90 394 563
90 150 73
90 187 176
90 360 678
90 505 401
91 92 789
91 776 384
92 797 359
92 914 738
92 207 216
93 95 883
93 206 42
93 926 655
93 134 801
94 95 284
95 96 472
95 671 69
95 707 620
96 335 334
96 697 436
96 715 21
96 787 398
97 98 423
97 500 677
98 99 515
98 264 537
98 408 624
99 511 874
99 327 909
100 721 305
100 592 367
101 102 445
101 642 731
101 359 556
101 599 136
102 103 642
102 592 899
103 105 276
103 179 256
103 881 66
104 105 380
104 106 750
104 458 843
105 106 192
105 107 716
106 108 930
106 913 559
107 108 265
107 744 923
107 775 97
108 718 400
108 386 385
108 331 165
108 747 15
109 701 853
109 731 418
109 397 286
110 111 761
110 112 96
110 200 436
110 254 749
110 463 588
111 749 255
111 667 981
111 702 381
111 321 935
111 486 361
111 579 959
112 113 220
113 114 346
113 468 958
114 562 782
114 465 524
115 697 499
115 704 490
115 862 781
115 273 675
115 565 91
117 119 464
117 622 349
117 875 817
118 523 179
118 720 832
118 358 95
118 245 392
118 424 524
118 471 753
119 526 419
119 281 507
120 445 108
120 859 61
121 431 468
121 914 424
122 411 927
122 291 812
122 618 278
123 124 608
123 579 572
123 772 893
124 126 62
124 681 804
125 126 420
125 127 936
126 277 287
126 365 746
126 452 563
126 907 32
127 331 369
127 309 411
127 466 887
127 548 649
127 748 598
128 204 295
128 276 294
128 285 785
128 564 906
128 712 777
129 130 576
129 505 798
130 637 103
130 818 466
130 678 781
131 133 660
131 179 457
131 476 156
131 520 837
132 164 274
132 840 801
132 410 986
133 811 967
133 841 522
133 268 153
134 767 205
135 137 182
135 923 91
135 329 972
136 432 579
136 392 351
136 399 139
136 822 992
136 376 35
137 427 72
137 229 535
138 620 830
138 346 92
138 177 348
138 201 798
138 446 78
139 141 452
139 290 831
140 141 364
140 638 598
141 142 217
141 561 480
141 773 844
141 743 174
141 797 727
142 144 46
142 598 428
142 870 264
143 144 627
143 549 605
143 574 781
143 439 905
143 174 972
143 276 834
143 516 787
144 145 742
144 901 785
144 541 347
145 146 183
145 658 694
146 148 858
146 738 997
147 487 298
147 575 769
147 409 4
148 236 849
148 911 752
149 150 127
149 418 258
149 308 29
150 152 603
150 389 66
150 232 664
151 286 604
151 760 330
152 391 648
152 427 528
152 509 488
153 155 549
153 785 8
153 299 895
154 286 996
154 681 329
154 506 53
155 350 194
155 928 84
155 910 22
156 157 568
156 896 269
156 298 737
156 814 799
157 158 923
157 608 934
157 490 798
158 160 97
158 902 551
158 335 586
158 926 563
159 160 71
159 884 453
159 694 693
159 435 227
160 271 494
160 301 850
161 494 33
161 340 477
161 197 316
162 532 555
162 169 257
162 604 435
163 165 17
163 603 297
163 178 169
163 835 159
164 543 179
164 401 356
165 195 278
165 845 903
165 813 616
166 167 828
166 168 109
167 169 762
167 935 879
167 647 494
167 846 451
168 169 875
168 170 799
168 494 179
169 171 343
169 826 811
170 171 696
170 223 44
170 618 254
170 591 514
171 397 583
171 380 743
172 174 650
172 369 511
172 752 29
173 174 456
173 175 731
173 500 586
174 592 732
174 748 470
174 504 76
175 176 889
175 564 425
176 851 278
176 577 285
176 782 448
177 178 61
177 446 999
177 656 437
178 202 737
179 373 949
179 620 489
180 455 352
180 330 537
181 182 388
181 898 76
181 235 166
182 183 264
182 184 38
182 231 609
183 184 635
183 185 933
183 325 500
184 185 697
184 754 332
184 211 24
184 576 757
185 186 184
185 448 705
185 771 48
185 932 576
185 298 243
186 187 462
186 188 768
186 933 490
187 415 565
187 911 822
187 335 830
188 618 523
188 763 884
189 190 656
189 423 545
190 847 710
190 504 558
190 750 789
191 789 185
191 221 551
191 195 358
191 306 755
192 193 28
192 395 228
192 573 779
193 234 204
193 202 23
193 379 495
194 196 774
194 235 718
194 578 202
195 196 987
195 861 426
195 238 98
195 402 99
196 197 289
196 454 132
196 493 968
196 696 826
197 198 299
197 920 471
198 199 794
198 200 298
198 626 363
198 840 416
199 511 441
199 429 111
200 202 323
200 542 757
201 575 365
201 316 269
201 798 714
202 363 689
203 642 400
203 576 923
203 854 919
204 206 699
204 917 465
204 319 844
205 206 913
205 757 555
206 207 198
206 208 969
206 482 335
207 658 912
207 246 947
208 209 754
208 210 952
208 231 137
209 450 573
209 423 78
209 909 291
210 212 303
210 359 665
210 504 693
210 700 433
211 212 571
211 591 799
212 855 128
212 692 967
213 765 656
213 734 406
213 871 316
213 448 75
214 216 620
214 846 986
214 635 369
214 651 871
215 217 960
215 881 790
216 217 166
216 438 243
217 782 867
218 527 301
219 620 196
219 243 241
220 221 998
220 222 382
221 242 10
221 284 59
221 866 187
221 448 468
222 223 575
222 224 768
222 564 950
222 338 476
222 513 598
223 299 434
223 517 438
224 662 269
224 456 135
225 226 422
225 528 377
226 546 825
227 916 956
227 260 10
228 229 246
228 314 481
228 241 319
229 339 8
229 335 567
230 709 688
230 739 888
230 845 224
231 380 114
232 332 214
232 660 307
232 898 614
233 235 537
233 806 7
233 501 217
233 674 944
234 236 476
235 611 602
235 464 560
235 454 189
236 238 185
236 451 341
236 499 782
237 238 861
237 270 936
237 541 443
237 489 885
238 501 69
238 403 223
238 927 756
238 439 236
239 455 73
239 440 165
240 242 844
240 792 746
240 910 257
241 835 959
241 742 243
241 510 214
241 930 263
242 252 587
243 245 212
243 811 522
244 245 752
244 887 795
244 480 562
245 246 649
245 390 44
245 567 897
245 658 360
246 359 169
246 443 185
246 532 191
247 544 244
247 407 489
248 685 911
248 823 436
248 486 461
249 877 591
249 645 173
249 869 65
249 796 759
250 252 853
250 374 339
250 934 10
251 253 526
251 697 950
252 254 76
252 803 720
252 274 953
253 255 11
253 720 508
253 801 113
254 852 148
255 756 876
255 333 270
255 739 639
255 648 810
255 838 547
256 258 40
256 852 279
257 928 392
257 386 702
258 260 972
258 600 727
258 888 589
258 531 355
259 812 335
259 739 276
260 261 993
260 262 481
261 262 328
261 708 281
262 263 23
262 264 728
262 782 75
263 265 250
263 763 378
264 265 107
264 266 645
264 443 223
265 266 581
265 267 949
265 372 861
265 558 288
266 267 566
266 610 775
266 853 545
266 644 526
267 268 614
267 458 812
267 602 927
268 269 744
268 270 345
269 271 710
269 500 941
269 273 946
269 938 17
270 272 692
270 432 918
271 327 904
271 345 695
271 837 366
272 526 528
272 609 419
273 604 228
273 682 626
274 331 32
274 413 302
274 912 410
275 277 445
275 492 727
276 671 360
277 874 783
277 703 500
277 695 38
278 581 25
278 407 660
279 420 726
279 372 271
280 281 207
280 335 377
281 817 233
281 764 214
282 359 91
282 704 214
283 285 655
283 339 870
284 938 576
284 496 287
285 286 992
285 312 914
285 836 253
286 288 127
286 618 28
286 474 668
286 778 105
286 848 888
287 397 836
287 459 104
287 611 133
287 701 148
288 289 953
288 290 273
289 533 26
289 652 599
289 601 538
290 676 599
290 486 130
290 838 784
291 843 104
291 924 849
292 294 758
292 496 125
292 737 136
293 294 959
294 296 948
294 790 769
295 296 964
295 358 344
296 297 519
296 783 996
296 614 108
296 401 863
297 774 706
297 724 184
297 338 96
298 299 654
298 537 853
299 723 921
300 301 661
300 727 484
301 794 18
301 800 215
301 567 926
301 611 673
302 304 236
303 362 51
303 739 158
304 444 101
304 358 12
305 306 714
305 879 121
306 424 778
306 408 428
306 922 892
307 528 48
307 575 107
307 808 602
307 836 540
307 739 592
308 478 359
308 658 531
308 325 285
309 311 443
309 673 729
309 749 129
310 892 825
310 643 66
310 441 792
311 312 556
311 637 972
312 723 957
313 314 421
313 315 930
313 356 66
313 401 486
313 588 691
314 391 87
315 317 601
315 572 430
315 646 23
316 318 104
317 846 189
317 475 336
317 931 714
318 319 79
318 463 388
319 527 264
320 321 975
320 828 108
320 532 736
321 322 174
321 586 65
322 767 123
322 600 12
322 528 469
323 325 801
323 674 844
323 553 930
324 496 793
324 834 277
324 493 483
325 757 913
326 327 240
326 328 209
326 666 590
326 827 633
327 328 287
327 910 482
327 755 699
328 329 670
328 330 849
329 330 687
329 831 954
330 332 30
330 410 234
331 332 938
331 871 628
332 333 994
332 334 255
333 407 444
334 519 772
334 774 568
336 337 338
336 466 878
336 784 286
337 417 176
337 463 66
337 823 630
338 875 676
338 677 776
338 369 160
339 340 686
339 364 297
340 341 835
341 342 793
341 864 183
342 343 578
342 347 201
342 409 176
343 345 604
343 654 512
343 437 629
343 623 715
344 776 70
344 911 107
345 346 270
345 374 798
346 634 306
347 827 522
347 700 273
348 350 548
348 632 221
348 387 158
349 351 691
349 417 278
349 555 565
350 351 550
350 447 49
350 522 350
351 353 477
351 687 439
352 354 935
352 667 180
352 809 171
353 404 867
353 604 457
353 612 350
354 355 969
354 356 952
354 552 786
355 357 281
355 466 487
356 719 543
357 359 943
357 864 414
357 936 202
358 406 81
359 361 635
360 903 80
360 601 668
361 363 449
361 793 367
362 363 229
362 384 972
362 374 140
362 768 683
363 364 202
363 479 979
364 625 508
364 536 359
364 891 531
365 543 990
366 367 365
366 681 54
367 527 7
367 734 593
368 369 4
368 431 431
368 562 480
369 370 278
369 735 477
370 623 146
370 659 970
370 713 885
371 866 776
373 375 88
373 559 573
374 432 883
375 554 857
376 377 430
376 378 950
377 378 123
377 379 674
378 445 121
378 417 452
378 740 667
380 382 229
380 582 201
381 383 597
381 815 571
381 890 169
382 383 2
382 384 803
383 384 857
383 804 971
384 385 702
384 386 502
385 387 85
385 612 293
385 426 199
386 388 92
386 769 504
387 389 963
387 603 706
387 415 306
388 389 918
388 753 532
389 391 775
389 435 377
389 511 910
390 392 119
390 800 849
391 392 779
391 595 301
391 791 993
392 614 624
392 762 44
393 394 729
393 395 743
393 884 109
394 851 971
394 515 81
394 783 65
395 397 372
396 397 551
397 755 687
398 400 287
398 747 30
398 534 449
398 767 570
399 401 485
400 401 475
400 841 384
401 650 15
402 403 32
402 599 382
403 611 174
404 405 214
404 661 427
404 893 19
404 621 45
404 664 785
405 407 381
405 508 683
406 407 650
406 408 242
407 408 804
407 691 640
407 608 932
407 769 730
407 774 841
408 917 150
409 410 870
409 607 478
409 527 299
409 644 67
409 894 450
410 411 805
411 413 545
411 571 933
411 424 180
412 414 741
412 829 809
413 415 748
413 457 668
413 876 84
414 416 678
414 732 917
414 621 184
416 417 322
416 418 94
416 880 566
418 467 934
419 421 329
419 831 567
420 421 438
420 554 765
421 705 204
421 856 858
421 927 615
422 423 165
423 425 904
423 692 262
423 629 532
425 636 279
425 821 611
427 664 409
427 847 551
428 430 548
428 899 124
428 880 315
429 430 779
429 717 398
430 442 610
430 921 748
431 849 32
431 761 853
432 854 982
433 435 462
433 871 77
433 440 233
434 436 127
434 596 562
434 851 345
435 798 795
435 897 867
436 437 541
436 726 981
436 732 57
436 757 393
437 439 34
437 514 987
437 659 806
438 440 740
438 895 316
439 745 689
441 922 383
442 690 872
442 648 290
443 587 194
444 445 264
444 446 344
445 447 130
445 800 449
447 853 644
447 748 770
448 652 98
449 450 592
449 663 517
450 680 383
450 742 731
451 452 141
451 897 300
451 776 382
452 454 257
452 581 934
452 858 482
453 807 149
453 466 829
454 600 16
454 824 586
455 934 623
455 723 573
456 457 788
456 925 528
456 667 327
457 645 201
457 833 173
458 460 730
459 763 988
460 462 68
460 820 335
461 463 294
461 551 261
462 737 225
462 668 607
464 531 230
465 466 234
465 646 23
465 563 396
466 467 348
466 861 762
467 626 992
468 647 92
469 470 496
469 471 340
470 472 315
470 514 849
470 781 614
470 834 840
471 691 745
472 474 103
472 856 173
472 501 26
473 474 621
473 475 784
473 556 986
473 719 281
473 689 552
474 476 586
475 476 636
475 679 561
476 478 387
477 478 260
477 763 922
478 480 590
478 667 895
479 480 318
479 682 938
479 792 666
479 826 197
480 920 761
481 482 951
481 483 724
482 483 274
483 484 640
483 485 510
484 485 832
484 486 585
485 729 585
485 615 866
487 489 867
487 902 660
488 812 641
488 573 924
488 848 169
489 490 753
490 491 798
490 761 209
490 641 93
491 492 359
491 822 744
492 496 679
493 494 534
495 496 667
495 497 633
495 636 667
496 667 573
497 498 311
497 694 208
497 508 789
498 499 17
498 625 763
498 806 9
499 906 682
500 502 58
501 736 842
501 699 845
502 504 721
502 757 952
503 505 898
506 507 728
506 508 540
506 756 990
508 510 216
509 511 251
509 907 483
510 511 908
511 915 261
512 513 671
512 611 444
512 696 465
513 514 614
513 597 201
514 587 197
515 925 958
516 517 171
517 518 173
517 641 446
518 519 977
518 520 137
519 637 870
519 781 212
520 649 688
521 594 729
521 931 10
521 562 259
521 789 88
522 523 471
523 525 514
524 525 471
524 526 206
524 937 944
525 527 164
525 938 104
526 528 630
526 659 83
527 528 423
527 569 369
527 545 943
528 529 786
528 750 244
529 531 608
529 715 662
529 538 608
530 531 426
530 532 250
530 582 241
531 532 94
532 812 149
533 535 366
533 615 446
533 721 674
534 536 608
535 536 123
535 537 165
535 538 130
536 595 95
536 768 300
537 809 517
538 794 53
539 541 632
539 747 835
540 542 785
540 832 368
541 542 336
543 544 497
543 723 321
543 893 107
544 545 982
544 546 84
545 674 862
546 547 869
546 548 783
546 646 890
547 548 301
547 665 454
548 549 843
549 551 915
550 552 940
550 914 5
550 600 458
551 552 934
551 884 97
552 553 702
553 555 773
554 556 883
554 701 436
555 556 469
555 605 789
555 881 135
556 832 695
556 842 353
556 773 31
557 558 953
557 559 68
558 559 727
558 670 74
559 905 170
559 593 607
559 820 352
560 561 624
560 888 182
561 685 336
563 876 329
565 566 246
565 816 938
565 805 39
566 567 506
566 568 923
567 569 982
567 892 489
567 914 455
568 569 334
568 570 547
569 571 828
570 571 250
570 653 97
571 573 149
571 757 869
571 771 936
572 656 468
573 697 888
574 761 208
575 640 905
576 577 397
577 850 223
578 670 335
578 857 744
579 721 42
579 833 526
580 742 602
580 862 476
581 785 59
583 585 678
584 702 350
584 835 186
585 744 881
585 810 388
585 846 513
585 874 828
586 611 315
586 645 974
587 589 875
587 637 849
588 589 555
589 749 196
590 591 443
591 817 680
592 593 535
592 733 973
593 685 393
594 595 427
594 850 875
594 814 159
595 597 584
595 799 906
595 857 485
596 821 833
596 701 935
596 760 502
597 599 547
600 602 719
601 602 385
602 603 718
603 605 368
604 606 697
605 607 328
605 615 44
606 607 263
606 608 879
606 711 766
607 617 595
608 610 899
608 767 169
609 610 858
609 611 71
610 612 801
611 821 407
612 691 713
612 637 79
613 614 818
614 615 202
614 616 763
615 616 674
616 789 422
616 730 661
616 885 909
617 664 484
618 620 4
618 791 529
618 835 50
619 621 570
619 720 841
620 621 151
621 641 405
621 684 31
622 623 940
622 838 753
623 624 986
623 633 350
623 866 422
624 625 166
624 626 20
625 935 94
626 628 40
626 654 327
627 629 894
627 825 620
628 629 857
628 630 691
629 630 38
630 631 369
630 632 364
630 733 870
631 632 905
631 754 854
632 633 247
633 788 620
633 920 245
634 724 244
634 716 965
636 637 250
638 714 523
639 640 258
639 641 554
640 641 901
640 642 875
640 895 612
641 642 787
641 876 497
643 644 477
643 645 648
644 928 955
647 879 641
648 876 52
649 651 418
649 921 258
650 652 789
651 652 442
653 654 475
653 777 65
653 716 738
654 861 812
655 903 519
655 918 826
655 686 496
656 657 423
656 847 403
657 659 296
657 783 105
657 709 184
658 929 616
660 662 954
661 681 793
661 738 345
662 663 609
662 664 407
662 787 728
663 664 533
663 665 469
665 861 105
665 690 261
665 936 527
667 681 735
668 669 287
668 670 177
668 683 235
669 772 770
669 909 390
672 673 538
672 674 441
673 680 798
674 838 633
675 676 539
675 759 122
676 678 82
676 902 671
676 688 634
677 763 62
678 679 741
679 680 266
679 681 582
680 681 716
680 796 329
682 796 637
683 684 322
683 826 928
684 685 127
685 686 929
685 687 767
686 687 721
687 688 811
687 689 313
688 774 510
689 690 851
690 879 869
691 693 511
692 694 746
693 694 501
693 695 522
694 733 515
695 696 924
696 812 193
696 932 574
697 699 691
698 699 148
698 700 477
699 700 686
699 921 623
700 701 902
702 703 207
702 704 145
703 704 866
703 849 475
704 706 16
705 706 74
705 707 37
706 707 707
706 925 630
707 934 960
707 901 265
708 709 894
708 710 229
708 745 485
709 711 553
710 711 789
710 712 441
710 790 337
711 789 514
711 777 864
713 715 62
714 715 881
714 716 928
714 811 907
715 807 214
715 853 594
715 825 451
717 718 314
717 719 11
718 720 426
719 825 717
720 883 551
721 723 625
721 732 513
722 723 310
724 830 259
725 726 975
725 727 59
726 728 252
727 729 368
727 817 979
727 868 276
727 939 310
728 729 748
728 730 289
730 732 878
730 793 768
731 733 749
733 735 437
735 755 963
735 834 539
736 822 3
736 779 944
737 826 792
738 739 19
738 905 101
738 918 894
739 859 218
740 741 524
740 742 700
741 743 657
741 757 741
742 743 222
742 744 257
743 833 929
743 888 29
744 746 986
745 746 178
746 748 742
746 864 779
747 904 743
748 863 700
749 868 686
751 752 160
751 753 663
752 753 365
753 754 148
753 755 110
754 756 820
756 758 454
759 760 544
760 761 649
760 762 262
761 763 214
761 850 937
763 764 1
764 765 755
764 766 8
765 766 677
765 914 240
766 767 303
766 787 147
769 770 733
770 771 373
770 858 742
772 773 989
773 774 313
774 837 916
775 776 13
776 777 363
777 779 194
778 780 774
779 824 200
780 781 755
780 782 690
781 783 812
784 785 949
785 787 842
786 787 17
786 788 906
788 790 85
792 794 244
792 799 120
793 794 104
793 887 154
794 817 492
794 842 635
795 796 122
795 797 304
795 813 646
796 797 180
796 804 788
799 800 455
801 802 343
801 903 544
802 803 541
802 804 770
803 805 354
804 805 389
804 806 210
805 806 519
805 852 223
806 807 526
806 808 815
807 809 64
808 810 803
809 811 582
811 812 624
812 813 893
812 814 780
813 932 797
814 873 935
815 817 720
816 818 233
817 819 358
818 819 563
818 846 518
819 820 195
819 821 969
820 821 479
820 836 910
821 823 927
822 824 87
824 825 884
825 826 947
828 830 539
829 831 566
830 831 615
830 832 268
831 832 177
832 834 347
834 861 798
836 898 123
837 838 77
837 914 935
838 839 600
839 840 926
839 841 871
840 841 473
841 843 138
842 844 211
843 845 638
844 845 464
845 847 810
847 848 2
850 935 402
855 857 87
856 858 411
856 886 477
857 889 563
858 859 273
859 861 105
860 861 490
860 862 985
860 864 135
862 934 442
863 864 592
864 865 664
864 924 465
865 866 522
867 868 949
867 869 560
868 870 63
869 871 969
870 939 814
871 873 297
872 873 337
872 874 550
873 874 478
873 875 367
874 911 494
875 876 886
877 878 124
877 879 843
878 879 789
878 880 344
879 880 925
882 883 998
882 884 445
883 884 755
883 885 940
885 886 287
885 887 326
886 888 969
889 890 854
889 891 624
890 892 150
891 892 853
892 894 726
893 894 997
894 895 681
895 910 807
896 898 416
897 898 534
898 899 477
899 900 440
899 901 449
900 901 105
900 928 522
902 903 731
902 904 115
903 904 108
904 906 998
906 924 231
907 908 241
907 909 862
907 933 167
908 909 171
908 910 516
911 912 194
911 913 34
912 913 82
913 914 601
913 915 851
915 917 854
916 918 598
917 918 631
918 919 483
919 939 905
921 922 940
922 924 890
923 924 140
923 925 339
925 926 7
928 930 426
929 930 359
930 931 98
931 932 391
935 937 679
937 939 242