0 1 851
0 559 426
0 2 162
0 558 883
0 132 349
0 154 681
0 228 686
1 2 337
1 559 539
1 155 731
1 49 624
2 4 694
2 46 686
2 64 166
3 4 395
3 5 876
3 250 500
4 5 604
4 186 212
4 197 186
4 444 15
4 43 125
5 137 311
5 413 733
6 8 268
6 457 920
6 382 859
6 337 684
7 9 119
7 97 328
7 88 38
8 9 235
8 548 585
8 256 986
8 360 483
9 314 350
9 467 760
9 440 650
9 291 460
9 525 299
10 11 443
10 438 447
10 28 925
10 86 495
11 334 139
11 539 689
11 530 102
12 14 588
12 70 84
13 427 667
13 239 223
13 281 534
13 68 759
13 387 212
14 59 195
14 440 280
14 557 28
14 473 690
14 239 51
15 16 239
15 249 955
15 211 555
16 551 812
16 27 276
16 418 484
16 447 69
17 19 783
17 86 697
18 20 592
18 420 367
19 21 332
19 325 817
20 21 515
20 275 936
20 95 922
21 502 870
21 182 999
21 400 174
21 381 775
22 291 302
22 431 126
22 139 721
23 529 788
23 528 85
24 41 661
24 408 903
25 180 304
25 466 790
25 505 316
26 27 831
26 492 293
27 28 362
27 29 172
27 306 185
27 519 218
28 387 768
28 178 288
28 481 322
28 553 921
29 41 321
29 58 18
29 80 196
29 139 330
29 407 422
30 32 108
30 284 988
30 367 748
31 32 275
31 33 186
32 34 328
32 484 691
33 34 561
33 35 199
33 278 881
33 416 770
34 503 735
34 88 631
34 217 97
35 428 128
35 484 957
35 407 472
35 495 700
36 37 191
36 252 30
36 490 351
37 41 738
37 226 728
38 40 456
38 378 239
38 170 31
38 383 634
39 40 623
39 180 686
40 215 328
40 214 707
41 441 22
41 150 72
41 467 264
42 416 940
42 396 112
42 483 997
43 551 313
43 129 316
44 45 949
44 208 388
45 46 347
45 389 504
46 219 734
46 487 43
46 489 662
46 479 943
47 276 758
47 213 733
48 493 417
48 211 402
48 116 218
48 192 471
48 246 158
49 50 154
49 313 346
50 58 403
50 290 722
50 538 217
50 458 200
50 506 850
51 52 434
51 53 453
52 54 518
52 299 118
52 392 468
53 55 358
53 188 832
53 234 717
53 261 611
53 557 280
54 56 230
54 90 334
55 57 178
55 276 478
55 174 252
55 417 595
55 440 383
56 57 45
56 508 27
56 540 729
56 460 71
57 59 127
57 495 646
57 184 40
57 404 424
58 325 912
58 161 698
58 69 646
59 61 724
59 408 849
59 213 145
60 351 851
60 323 139
61 63 779
61 253 305
61 550 643
62 429 551
62 316 202
62 72 368
62 432 416
63 64 322
63 65 500
63 304 947
64 65 243
64 435 222
64 210 317
65 204 732
65 72 241
66 67 695
66 294 947
66 488 443
67 68 499
67 149 583
68 491 795
68 496 516
69 539 219
70 72 37
70 117 466
70 451 455
71 228 428
71 555 746
71 389 62
71 531 435
72 287 492
73 75 765
73 155 710
73 296 844
74 326 521
74 234 385
75 76 428
75 221 829
75 213 787
76 77 721
76 168 818
77 78 449
77 79 69
78 391 813
78 311 708
78 517 820
78 81 871
79 81 771
79 82 489
80 82 841
80 251 894
80 518 540
81 82 117
82 426 515
82 208 823
82 425 448
82 165 9
82 496 404
83 534 959
83 182 738
83 267 109
84 85 786
84 162 857
84 345 971
84 501 734
84 362 877
85 87 654
85 497 130
85 254 992
86 376 786
86 447 489
87 89 574
87 353 762
87 109 133
88 146 254
88 479 69
88 509 221
89 90 907
89 91 347
90 251 849
90 101 144
91 183 571
91 489 11
92 359 756
92 363 194
93 214 747
93 421 965
93 203 748
93 240 917
94 95 552
94 96 709
95 96 985
95 404 60
95 263 463
95 431 24
95 503 294
96 97 812
96 396 594
97 99 257
97 325 101
98 362 480
98 222 503
98 273 836
99 499 945
99 414 79
99 389 405
100 546 768
100 449 111
101 307 302
101 147 745
102 103 819
102 233 942
103 146 815
103 170 350
104 293 116
104 330 987
104 457 297
104 175 35
104 446 821
104 461 957
105 106 454
105 107 731
106 108 491
106 235 360
106 207 19
106 330 775
107 331 113
107 358 149
107 253 972
107 489 690
108 110 604
108 525 947
109 547 807
110 254 929
110 261 978
110 470 348
110 512 860
111 113 840
111 211 127
111 303 268
112 426 514
112 403 306
113 501 299
113 196 108
113 391 631
114 115 455
114 198 329
115 244 316
115 343 316
116 118 122
116 119 35
116 376 582
117 141 222
117 307 179
117 484 626
118 305 527
118 223 116
118 531 248
118 140 926
118 520 246
119 399 251
119 429 385
119 323 416
120 122 374
120 124 606
120 376 555
121 123 775
121 421 101
122 123 476
122 506 883
122 294 945
123 125 634
123 272 344
124 126 548
124 533 356
124 515 971
125 127 509
125 386 816
126 128 536
126 480 308
126 136 482
126 142 619
126 311 146
126 499 739
127 271 503
127 557 221
127 173 166
127 320 673
127 375 639
128 517 479
128 135 458
128 549 597
129 418 361
130 131 830
130 363 268
130 527 219
131 544 716
131 217 963
132 133 254
133 433 763
133 358 962
134 478 262
134 469 133
135 423 218
135 510 365
135 232 355
136 137 765
136 332 310
137 141 689
137 483 129
138 139 795
138 167 407
138 188 664
138 315 187
139 378 236
139 490 379
140 184 747
140 482 978
141 142 646
141 143 120
142 143 496
142 504 695
143 144 205
143 536 28
143 553 809
144 225 465
144 386 922
144 204 944
144 209 522
145 147 139
145 169 677
146 147 45
147 148 918
147 149 982
147 235 149
148 196 201
148 394 686
148 157 61
148 298 756
148 314 429
148 457 408
149 150 491
149 525 424
149 155 109
150 152 406
150 423 736
151 152 298
151 537 132
152 153 849
152 460 302
153 434 177
153 179 756
154 155 26
154 156 497
156 157 3
156 160 281
157 191 990
157 373 875
158 159 924
158 160 487
159 161 761
159 213 155
159 444 126
160 162 561
160 525 21
161 163 240
161 235 761
161 546 249
162 164 446
162 289 80
163 294 212
163 543 389
163 437 857
164 206 440
164 175 119
164 470 879
165 328 411
165 343 410
166 191 900
166 351 462
166 519 800
166 268 495
167 169 870
168 169 755
168 379 297
168 471 342
168 541 83
169 170 930
169 171 458
169 348 395
170 172 756
171 207 840
171 269 103
171 542 563
171 273 949
172 173 575
172 174 735
172 368 172
173 174 621
173 350 31
174 176 771
174 279 327
175 328 526
175 462 664
176 300 496
176 288 212
176 491 814
177 178 876
177 418 298
178 257 740
178 340 757
178 544 710
178 197 447
179 181 459
179 520 597
180 449 230
180 298 469
180 307 776
181 182 790
181 462 725
181 261 665
182 184 349
182 256 328
182 364 512
182 200 665
183 184 148
183 185 372
183 481 588
183 236 70
184 466 72
184 349 543
185 186 521
185 187 764
185 386 81
186 188 296
186 494 149
187 188 23
187 189 480
187 460 770
188 249 375
189 291 214
189 215 552
189 420 641
190 341 360
190 514 809
190 516 384
191 531 707
191 262 539
191 228 430
191 482 158
192 433 931
192 469 606
193 351 785
193 253 707
193 490 920
194 196 604
194 265 129
195 196 183
195 197 431
195 229 125
196 229 658
196 470 420
198 199 442
198 427 203
198 492 173
199 201 413
199 508 654
200 201 242
200 538 202
200 422 323
201 400 363
201 285 280
201 380 873
201 534 183
202 244 973
202 316 13
203 204 175
203 395 611
204 205 408
205 206 864
205 468 911
206 207 462
206 508 732
207 208 20
208 210 753
208 528 347
209 210 376
209 300 844
210 211 530
210 216 660
210 429 882
211 559 36
212 330 23
212 513 858
212 374 915
213 352 338
213 274 607
214 216 80
214 470 984
215 216 349
215 217 553
215 427 274
216 218 141
217 219 400
217 478 374
218 377 643
218 237 837
218 316 269
219 404 935
219 293 10
219 347 360
220 318 727
220 323 375
220 256 914
221 418 332
221 454 759
222 366 882
223 453 379
223 349 44
223 229 59
224 225 882
224 508 314
225 226 194
225 227 187
225 528 635
226 227 900
226 228 945
226 312 712
227 409 961
227 446 771
228 229 77
228 247 628
228 434 332
229 398 85
230 504 572
230 402 2
230 300 946
230 486 954
231 233 958
231 553 971
231 380 317
232 234 881
232 528 550
233 235 491
233 522 573
233 297 374
234 236 196
235 237 95
235 318 365
236 516 916
237 460 998
237 498 511
237 351 576
237 502 944
238 239 285
238 240 63
238 341 412
239 547 151
240 241 155
241 242 5
241 317 961
242 380 591
242 559 700
243 245 577
243 334 623
244 246 331
244 555 241
244 465 531
245 246 35
245 247 921
245 260 130
246 247 794
246 298 236
246 363 943
247 270 915
248 249 871
248 255 791
249 303 26
249 380 231
250 502 13
250 346 586
251 315 351
252 302 89
253 459 52
254 304 14
255 256 886
255 448 447
255 504 875
256 258 91
256 445 129
256 558 162
257 259 543
257 342 242
257 329 793
258 260 324
258 266 961
259 361 699
259 289 929
260 540 202
260 532 275
261 263 560
262 495 71
262 404 55
263 264 953
264 265 941
264 478 885
265 267 708
265 536 901
265 511 534
266 267 30
266 268 29
267 268 93
268 430 17
268 406 685
269 552 408
270 271 218
270 428 641
270 438 579
270 463 983
271 272 779
271 434 435
271 492 676
271 549 484
272 274 76
272 462 219
273 280 486
274 276 232
274 382 867
274 501 499
275 277 835
276 277 330
276 284 579
277 278 237
277 279 273
278 279 138
278 385 348
279 281 113
279 336 767
279 413 489
280 282 506
280 447 196
280 390 885
280 398 217
281 283 896
282 409 852
282 483 594
283 284 100
283 285 33
283 466 372
284 285 412
284 286 405
285 384 236
285 507 426
286 287 119
286 288 380
287 508 630
287 437 656
287 424 521
288 290 3
289 526 831
290 463 575
291 292 852
292 293 256
292 379 53
292 424 662
293 295 986
294 296 263
294 421 900
294 462 279
295 296 353
295 297 869
295 317 950
296 298 596
296 333 57
297 492 944
299 344 359
299 453 388
300 408 886
301 302 226
301 358 339
301 310 359
302 303 122
302 304 884
303 352 805
304 305 165
305 307 994
305 351 696
306 308 725
306 441 772
308 310 224
308 349 621
309 310 368
309 311 613
310 312 646
310 446 188
312 313 993
313 314 721
313 315 933
314 348 706
314 530 436
314 394 727
314 419 34
315 317 345
315 524 56
315 333 330
316 485 973
316 335 876
316 523 499
316 406 188
317 323 71
317 455 501
318 320 599
319 320 856
319 514 546
319 348 27
320 321 407
320 339 766
321 322 3
321 323 793
322 323 222
322 496 631
324 325 224
324 326 129
324 497 71
325 327 464
326 327 171
326 384 206
327 329 208
327 548 656
328 330 313
329 442 882
329 552 856
331 332 972
331 414 659
332 551 933
334 335 919
334 336 794
335 372 673
336 369 67
337 338 908
338 339 959
338 364 10
339 365 92
339 454 92
340 477 888
340 544 661
341 343 678
342 343 478
342 514 145
343 344 888
344 345 718
344 512 556
345 347 311
345 456 938
346 347 368
347 348 707
347 543 187
348 455 873
349 351 297
349 383 199
349 514 22
350 396 13
351 543 597
352 354 305
353 354 596
353 355 92
354 355 611
354 471 147
355 356 797
355 357 253
356 357 991
356 358 658
356 485 285
357 358 718
357 359 134
358 360 446
358 409 349
358 543 617
358 379 788
358 527 254
359 360 558
359 431 114
359 508 218
360 361 632
361 362 93
361 424 206
361 465 9
362 363 160
362 522 467
362 532 803
364 495 954
365 412 29
365 478 780
366 367 296
366 368 304
366 556 873
367 369 632
368 392 294
368 426 571
369 498 823
369 420 452
370 371 696
370 372 215
370 524 679
371 372 938
371 373 916
372 373 957
372 512 471
373 375 626
373 496 65
374 375 588
374 376 827
374 492 596
375 442 413
377 378 401
377 379 393
378 379 166
378 380 2
379 439 451
381 382 669
381 509 248
382 384 875
382 547 139
383 464 248
383 425 957
383 439 492
383 491 313
384 386 728
385 405 629
386 526 639
387 486 299
387 393 601
388 389 693
388 390 516
389 390 633
389 433 918
390 479 897
391 392 312
391 395 217
392 401 489
392 475 431
393 395 17
395 533 698
396 397 667
396 398 976
397 398 741
397 519 873
398 436 594
398 453 179
399 439 532
399 518 875
400 402 87
400 494 113
401 403 119
401 486 291
402 403 388
402 428 172
403 404 293
403 405 41
403 441 481
404 405 18
404 459 317
405 407 800
405 531 129
407 513 547
408 409 491
409 506 43
410 462 550
410 431 503
410 503 698
410 465 685
411 412 353
411 413 365
412 414 548
412 537 413
413 414 240
414 433 213
415 416 5
415 417 44
416 417 67
417 476 65
419 420 821
420 481 257
420 546 978
421 434 415
421 556 632
422 444 440
423 425 760
425 426 458
426 427 681
426 505 357
427 499 756
428 430 638
429 431 976
430 431 709
430 432 77
430 480 175
432 433 750
432 517 627
433 434 947
433 435 138
433 473 496
435 441 844
436 437 135
438 440 420
438 535 309
438 451 666
440 450 544
440 443 236
442 444 616
443 461 964
444 445 350
445 447 988
446 447 798
447 490 518
448 449 290
448 450 100
449 450 932
449 547 691
450 452 834
452 453 316
452 454 644
452 467 915
454 455 293
454 456 565
455 467 851
456 457 982
458 516 179
461 481 641
461 496 732
461 539 287
463 502 383
464 466 261
464 487 336
465 475 355
468 469 724
468 470 294
468 545 457
469 471 47
469 472 57
470 471 698
471 472 144
471 473 167
472 474 142
473 475 913
474 475 362
474 528 139
474 538 518
475 476 845
475 477 961
476 477 317
476 478 999
477 478 265
477 479 320
478 479 612
478 480 692
479 497 657
480 481 306
482 483 869
483 509 79
484 486 91
485 486 597
487 489 593
488 489 603
491 492 717
493 494 367
493 495 735
494 496 999
495 497 882
498 500 49
500 501 835
500 502 850
501 502 245
502 503 519
507 508 517
507 528 152
510 512 991
510 517 281
511 512 953
512 513 568
513 515 34
513 529 623
515 516 177
516 525 34
516 550 749
518 519 214
519 521 534
520 521 293
521 523 397
521 530 579
522 524 772
523 524 129
523 525 10
524 526 906
526 527 940
526 528 220
527 528 757
529 530 668
532 542 632
533 534 607
533 535 949
534 535 58
535 536 120
535 537 574
536 538 402
537 539 252
539 540 142
540 542 553
541 542 617
542 544 491
543 545 888
545 546 127
548 550 516
549 550 784
551 552 825
551 553 77
552 553 813
552 554 897
552 555 240
553 554 364
554 555 362
554 556 516