0 2 492
0 344 555
0 498 132
1 631 608
1 45 37
1 426 49
2 523 543
2 103 695
2 24 11
3 4 846
3 338 688
3 429 354
4 5 109
4 27 196
4 402 837
5 6 963
5 80 8
6 8 277
6 212 972
7 8 12
7 357 682
7 60 953
7 97 908
7 478 750
8 9 647
8 252 125
8 568 357
9 11 81
9 544 422
10 12 165
10 380 272
10 390 612
11 619 891
11 292 569
11 592 309
11 21 366
12 13 283
12 317 385
13 481 618
13 360 397
13 522 597
13 362 307
13 544 615
14 558 653
14 373 318
15 16 291
15 264 605
16 17 579
16 185 272
17 18 817
17 210 649
17 518 97
17 380 72
17 150 510
18 19 835
18 54 958
18 143 453
18 158 525
18 434 517
18 559 913
18 137 52
18 457 62
19 20 755
19 21 674
20 21 696
20 22 497
20 284 628
21 575 852
21 384 728
22 561 284
22 126 925
22 274 493
22 481 5
23 24 117
23 249 256
23 491 58
23 142 9
24 150 767
24 211 761
24 258 28
25 26 569
25 27 358
26 28 735
26 64 650
26 145 363
27 29 925
27 315 344
27 330 370
28 29 405
28 622 778
29 31 83
29 578 488
29 69 989
29 251 624
29 430 399
30 94 278
30 617 759
30 32 332
31 33 77
31 164 197
31 221 739
32 403 331
32 421 127
33 34 939
33 528 998
33 233 20
33 188 591
34 35 971
34 125 364
34 44 566
35 588 280
35 290 690
35 228 3
35 143 638
36 37 216
36 411 733
36 70 662
36 332 512
37 38 326
37 529 549
37 204 204
38 40 871
38 118 146
38 139 739
39 40 506
39 103 173
39 590 598
40 56 117
40 310 809
40 186 433
40 394 808
41 465 434
41 444 180
42 43 269
42 71 965
42 233 258
42 353 730
42 623 188
42 190 875
43 44 64
43 521 292
43 483 350
44 426 951
45 470 592
45 500 697
45 463 933
46 73 245
46 458 722
46 86 818
46 340 640
47 190 640
47 604 609
47 122 54
48 49 121
48 130 328
48 119 970
48 551 53
49 151 891
49 291 123
49 242 403
49 312 164
49 550 613
50 483 61
50 239 500
51 53 7
51 466 73
51 374 533
52 53 463
52 54 495
53 55 228
53 84 807
53 113 30
54 56 576
55 57 641
55 229 787
56 58 277
56 374 885
56 355 387
56 432 164
57 529 681
57 323 556
58 500 529
58 362 260
59 163 995
59 195 6
59 467 206
59 600 69
60 229 650
61 116 250
61 472 33
61 555 90
61 82 824
61 157 753
62 63 441
62 64 108
63 65 871
63 465 473
63 152 488
63 267 844
64 65 670
64 66 133
64 563 884
64 605 208
65 247 214
65 427 272
65 455 817
66 136 7
66 505 420
66 456 687
67 241 325
67 374 855
68 70 615
68 345 879
69 171 248
69 271 164
69 431 230
70 71 394
70 452 766
70 103 909
71 345 927
71 469 48
71 143 873
72 104 709
72 157 764
73 134 395
73 372 765
73 518 990
74 465 312
74 218 687
75 77 945
75 550 307
75 506 151
75 196 909
75 449 343
76 523 545
76 82 790
77 78 693
77 90 465
78 80 505
78 618 891
79 388 914
79 207 789
79 163 977
80 81 770
80 341 23
80 247 500
81 258 651
81 386 665
81 444 593
81 183 861
82 203 454
82 527 860
83 84 736
83 412 719
84 85 141
84 86 638
84 513 6
85 87 97
85 197 472
86 87 984
86 504 679
87 89 562
87 344 399
88 89 301
88 90 650
89 90 226
89 91 466
89 406 24
89 606 7
90 285 888
90 154 898
90 610 599
90 629 675
91 92 567
91 492 864
91 534 372
91 110 927
92 93 410
92 541 187
92 250 825
92 580 922
93 253 322
93 367 427
93 117 917
94 96 136
94 372 228
94 487 852
94 609 158
94 605 283
95 525 255
95 534 449
95 265 362
96 97 321
96 98 930
97 98 392
97 268 77
98 100 667
98 452 151
98 590 937
99 100 24
99 101 199
99 169 397
100 101 996
100 102 720
101 198 789
101 566 175
102 548 909
102 139 526
103 151 372
103 291 879
103 195 916
103 322 256
104 106 890
104 234 315
104 107 642
105 320 51
105 328 864
105 600 478
105 455 957
105 176 121
105 326 545
106 108 166
106 169 628
106 272 778
107 215 557
108 399 839
108 524 278
108 230 470
108 497 635
109 110 186
109 111 878
109 438 367
110 371 219
110 446 66
111 502 417
111 259 672
112 113 171
112 550 874
112 132 584
113 115 392
114 590 633
114 254 307
114 426 546
115 116 211
115 117 43
115 338 981
116 118 7
116 320 967
116 248 858
116 424 667
117 508 616
117 279 667
118 119 936
118 330 329
119 120 592
119 581 482
119 289 796
120 394 836
120 536 960
120 165 395
120 414 532
120 438 824
121 123 231
121 186 471
122 303 883
122 370 742
122 614 897
122 577 757
122 450 898
123 125 348
123 260 284
123 381 232
123 515 801
124 125 610
124 417 348
124 443 39
124 490 843
125 126 125
125 127 959
125 529 48
126 204 663
126 265 459
126 456 332
126 628 209
126 285 735
126 344 430
127 128 454
127 605 387
127 406 406
128 129 606
128 276 438
128 347 822
129 131 279
129 189 378
130 131 536
130 398 17
130 140 969
130 222 79
131 442 406
131 256 53
132 133 134
132 301 536
132 350 419
132 217 893
132 433 945
133 287 538
133 229 608
133 247 819
133 490 131
134 135 716
134 197 37
134 431 431
134 143 199
134 186 75
135 137 563
135 324 658
135 330 787
136 137 883
136 138 253
136 182 472
137 138 466
137 568 979
138 140 71
138 562 967
139 140 596
140 310 46
140 194 661
141 142 436
141 510 429
141 416 498
142 143 660
144 145 789
144 146 685
145 441 436
145 471 926
146 148 144
146 302 668
147 148 400
147 391 601
147 542 123
147 474 363
147 592 279
148 149 747
148 415 725
148 587 62
149 519 610
149 577 49
149 210 161
150 222 178
150 527 719
151 153 781
151 457 182
151 319 369
151 570 795
152 153 277
153 154 913
153 155 247
154 210 888
154 546 499
154 573 175
155 156 534
155 194 696
156 198 44
156 263 137
157 259 28
158 160 333
158 425 81
159 161 567
159 529 367
159 294 429
160 161 430
160 486 800
160 326 8
161 205 355
161 623 730
161 581 173
162 163 953
162 164 682
162 192 698
162 590 89
163 164 817
164 166 191
164 459 265
165 439 865
166 168 356
166 276 415
166 201 837
166 228 481
167 168 635
167 169 915
167 556 463
168 170 932
168 351 991
168 273 93
168 206 251
169 170 938
169 409 654
170 171 383
170 540 697
171 173 342
171 222 476
171 226 671
172 447 984
172 471 833
172 637 779
173 175 231
173 573 586
173 235 410
174 175 886
174 231 784
175 176 25
175 365 655
176 177 130
177 342 114
177 240 584
177 442 811
178 488 314
178 502 248
179 180 426
179 187 152
179 323 564
180 181 305
180 202 462
180 289 732
181 182 590
181 441 643
181 208 609
182 288 936
182 512 604
182 632 224
182 333 909
183 540 263
183 639 469
184 185 518
184 186 236
185 186 16
185 187 244
185 295 485
186 516 458
186 393 759
186 305 209
187 263 938
187 221 789
187 208 986
188 552 807
189 190 997
189 191 9
190 191 697
190 499 289
190 560 338
191 193 522
191 465 466
191 337 121
191 633 107
192 452 840
193 343 754
193 587 983
193 392 45
194 391 390
195 240 607
196 202 578
197 234 607
197 539 132
197 495 548
198 199 231
198 561 713
198 626 659
198 563 754
199 200 86
199 402 687
200 201 660
200 542 227
201 203 844
201 630 647
202 204 986
203 204 202
203 416 34
203 585 587
204 205 468
205 206 469
205 207 90
205 631 836
205 368 198
205 384 83
206 207 832
206 239 518
206 546 524
207 576 725
207 599 77
207 602 207
207 505 206
208 378 701
208 448 409
208 613 236
209 210 865
209 211 579
209 366 965
209 525 784
211 212 619
211 517 973
212 213 480
212 495 981
212 596 499
213 214 926
213 582 781
213 240 968
214 216 673
214 533 901
214 496 711
214 578 547
215 216 479
215 217 473
215 359 397
216 217 188
216 344 913
216 255 976
216 357 873
216 595 677
216 607 628
217 565 160
217 242 763
218 390 127
218 431 999
219 288 805
219 285 802
219 261 27
219 327 651
219 527 897
220 395 531
220 331 466
220 260 985
221 475 475
221 545 364
223 224 200
223 472 347
223 249 773
224 225 610
224 615 880
224 337 64
224 542 748
225 227 9
225 435 511
225 241 266
225 547 718
226 228 37
226 495 64
227 228 750
227 229 603
227 585 934
227 278 75
227 549 384
228 230 187
228 271 271
228 481 137
229 592 714
230 251 277
230 335 990
230 399 385
230 471 604
230 304 647
231 232 550
231 233 930
231 422 89
232 234 372
232 442 598
232 436 170
233 235 232
233 262 102
234 236 84
234 378 914
234 474 171
234 336 907
234 467 874
235 295 463
236 261 141
236 368 949
236 296 322
237 238 714
237 501 58
238 240 332
238 528 348
238 360 66
238 486 914
239 359 432
240 241 370
240 402 128
240 255 23
241 581 653
242 243 556
242 365 392
242 247 550
243 244 92
243 420 993
243 440 139
243 575 670
243 596 32
244 596 161
244 337 413
244 249 623
245 306 750
245 481 577
245 479 549
246 247 204
246 363 343
246 289 303
246 437 210
247 248 705
248 250 187
249 545 125
249 636 800
250 251 299
250 252 301
250 300 582
250 453 727
251 598 824
252 254 538
252 465 249
253 254 15
253 366 232
253 329 244
254 618 689
255 256 227
255 257 128
255 470 563
255 625 951
256 257 967
256 369 405
256 613 332
257 258 697
257 259 240
257 501 376
258 378 694
258 299 350
259 260 839
259 423 494
259 276 848
259 439 192
260 345 221
260 381 602
260 577 486
261 289 552
261 315 386
261 412 498
262 536 41
262 448 838
262 314 60
263 393 963
263 448 821
264 265 948
264 633 144
264 552 462
266 267 481
266 633 302
267 268 908
268 270 857
268 483 310
268 487 215
269 270 875
269 519 15
270 271 990
270 494 224
271 566 234
271 490 544
272 273 100
272 392 894
273 396 222
274 275 311
274 317 846
275 276 903
275 621 457
275 385 826
276 278 31
276 318 873
277 278 780
277 279 785
277 616 205
278 352 596
279 281 564
279 420 739
280 282 157
280 488 139
281 283 910
281 498 698
281 556 309
282 283 39
282 609 700
283 473 903
283 598 562
283 524 594
284 285 160
284 316 44
284 586 418
285 360 810
285 448 651
286 287 926
286 288 200
287 289 655
287 449 657
288 290 670
288 432 231
289 569 956
290 550 777
291 316 116
291 601 453
292 294 461
293 341 61
293 522 486
293 390 265
294 296 667
294 432 14
295 415 316
295 325 64
296 297 349
297 384 884
297 551 253
298 299 728
298 577 588
299 347 872
299 425 257
299 342 163
300 301 317
300 308 637
300 620 189
301 340 221
302 303 656
302 612 98
302 369 333
303 481 629
303 524 860
304 305 692
305 541 746
306 307 906
306 308 718
307 308 142
307 309 940
307 388 903
307 587 537
308 310 277
308 357 363
308 361 892
309 310 416
309 574 801
309 503 604
310 394 14
310 400 230
311 314 887
311 547 562
312 313 391
313 315 311
313 561 713
313 413 706
314 315 643
314 598 89
315 317 624
315 562 472
316 390 484
316 539 662
317 319 291
318 594 549
318 569 733
319 320 820
320 321 371
320 462 509
320 596 961
320 611 22
321 322 52
321 323 883
322 508 204
323 370 324
324 478 487
324 433 719
325 326 595
326 327 658
327 482 19
328 416 127
329 454 784
329 419 871
330 618 597
331 333 634
331 396 753
332 519 494
333 334 886
333 400 771
334 507 324
334 448 244
335 337 199
336 337 351
336 530 211
338 340 522
338 401 112
338 537 76
339 340 454
339 607 11
339 499 942
340 341 909
341 343 591
342 519 158
342 446 282
343 344 551
343 345 447
343 552 329
343 379 367
344 571 676
345 604 873
346 347 203
346 555 996
348 349 653
348 367 468
349 351 239
349 610 465
350 388 879
351 580 554
351 599 796
351 622 361
352 458 869
352 442 695
352 564 343
353 355 990
354 355 919
354 385 411
355 357 135
356 357 291
356 358 284
356 441 878
358 359 264
358 481 622
358 459 253
358 524 350
359 511 722
360 428 337
360 436 670
361 560 362
362 364 439
362 451 295
362 573 886
363 623 527
364 366 720
364 409 337
365 470 999
366 470 633
367 369 640
367 520 172
368 369 961
370 377 854
370 492 776
371 372 780
371 523 899
372 547 767
372 554 763
373 374 64
373 375 870
373 620 999
374 476 517
374 593 711
375 376 524
375 377 336
375 532 923
376 377 841
376 378 57
376 435 269
377 379 648
377 583 551
377 454 324
378 380 540
378 509 17
378 602 528
379 380 705
380 382 766
380 570 728
381 382 517
382 383 396
382 608 622
383 384 851
383 385 923
383 395 128
384 486 798
384 611 765
385 547 188
385 594 362
385 392 292
386 572 371
387 388 465
387 389 600
388 454 814
389 566 14
389 533 323
389 489 92
391 393 86
393 395 695
394 576 26
395 397 767
395 505 729
395 638 647
396 397 417
397 398 70
397 399 529
398 399 373
398 400 321
399 401 954
400 521 906
401 403 392
402 624 829
403 404 651
403 405 627
404 405 977
404 406 96
404 601 724
404 624 635
405 406 709
405 407 384
406 477 585
407 408 347
407 409 433
408 410 458
408 612 56
408 491 978
409 411 992
409 416 490
410 411 491
410 412 53
411 413 884
411 480 950
412 414 424
413 529 127
414 415 488
415 417 687
416 450 230
417 419 572
418 420 70
418 601 537
419 420 513
421 422 131
422 424 836
422 628 184
423 553 288
424 533 143
425 427 40
426 530 941
427 428 315
427 590 7
428 429 429
428 626 821
429 430 577
429 494 823
429 638 513
430 431 573
430 604 626
431 464 847
431 565 307
432 578 7
433 434 497
434 440 736
435 436 252
435 440 51
437 438 127
437 484 494
439 440 466
442 443 324
442 582 387
443 445 941
444 524 764
445 446 820
445 447 367
446 525 892
447 449 289
447 624 453
447 618 750
448 450 643
448 533 729
449 450 148
449 476 634
449 508 409
450 451 187
450 591 475
451 453 362
451 530 154
451 523 662
452 603 492
453 614 427
453 504 972
454 456 659
454 537 238
455 456 329
458 515 250
458 610 78
459 460 315
460 462 652
460 583 776
461 463 324
461 604 554
462 471 590
462 473 745
463 590 519
464 466 576
464 507 523
465 501 62
466 467 926
466 468 182
467 559 906
468 469 206
468 470 411
468 558 766
469 531 533
470 472 212
472 579 451
472 608 56
473 474 847
474 483 573
475 476 553
475 477 313
476 617 715
477 548 740
477 597 750
478 578 66
478 523 442
479 635 642
480 549 291
482 483 214
482 556 55
483 484 264
483 497 240
483 639 38
484 486 999
484 593 715
485 486 919
485 487 584
487 559 353
488 489 24
488 490 222
489 508 462
490 491 623
491 493 695
493 608 677
493 625 865
494 510 681
496 498 233
498 592 381
498 636 130
499 540 90
500 502 912
500 604 254
501 502 210
501 514 879
502 504 612
502 567 860
503 505 618
503 598 885
503 575 233
506 508 420
506 507 982
507 546 305
508 509 133
509 510 409
510 512 736
511 512 761
511 518 899
512 558 116
513 514 596
514 515 634
515 516 151
516 517 208
516 518 716
516 621 335
517 518 334
517 586 116
518 520 41
518 519 27
519 543 259
520 521 908
520 522 4
520 535 434
521 523 823
522 524 38
522 526 777
526 527 756
526 589 349
528 530 899
528 639 490
529 626 940
530 584 66
530 581 429
531 636 807
531 560 182
532 534 879
533 535 812
534 535 733
534 536 95
535 537 313
536 638 555
538 539 618
538 622 247
539 597 12
540 542 872
541 603 454
541 631 82
543 544 841
543 545 667
544 545 37
547 554 995
548 549 201
548 631 824
548 583 302
549 550 653
551 552 68
552 554 444
553 554 72
553 555 752
554 555 409
555 557 158
557 559 884
557 622 459
558 559 478
559 561 664
560 561 337
560 626 518
561 563 673
562 563 473
563 565 157
563 637 566
564 565 521
565 567 712
566 568 732
567 568 383
567 569 35
568 570 949
569 570 880
569 571 610
570 571 211
571 572 517
572 573 286
572 574 404
574 576 963
575 576 830
576 577 427
577 578 300
579 580 952
579 594 702
580 581 444
583 584 755
584 586 159
587 589 958
588 589 266
588 590 787
589 591 846
589 625 990
591 592 821
593 595 667
594 631 484
595 596 170
596 610 210
599 601 890
602 603 215
603 604 948
603 605 345
606 607 604
607 608 542
608 609 975
609 611 864
611 615 812
612 613 863
612 614 198
613 614 883
614 627 103
615 617 922
616 617 461
617 619 355
619 620 944
619 621 976
622 623 622
623 625 195
627 628 776
627 629 873
629 639 137
630 632 409
632 636 748
634 635 671
634 636 221
635 636 359
635 637 5
637 638 97