0 719 332
0 2 538
0 718 272
0 155 234
0 60 639
1 719 553
1 420 682
1 81 757
1 309 543
2 58 986
2 620 666
3 4 564
3 5 797
3 43 302
3 141 870
3 375 268
3 618 155
4 447 668
4 328 973
4 59 422
5 6 147
5 413 997
6 166 927
6 677 892
6 586 437
6 159 114
7 9 726
7 594 764
7 409 920
7 315 998
8 10 657
8 221 374
8 423 971
8 434 750
8 465 237
9 588 834
9 150 446
10 91 94
10 674 712
10 700 5
10 502 293
10 258 182
11 12 956
11 168 915
11 510 38
12 13 10
12 14 726
13 236 657
13 363 19
13 573 973
13 243 456
14 434 711
14 643 12
14 336 802
14 639 39
15 115 966
15 321 459
15 24 384
15 143 627
16 18 961
16 259 773
16 585 475
17 19 357
17 413 464
18 529 421
18 516 294
18 179 175
18 83 924
18 210 186
18 553 423
19 20 463
19 21 211
19 157 311
20 684 40
20 685 540
20 470 118
21 603 591
21 147 92
21 669 378
21 304 991
22 265 901
22 551 332
22 703 195
23 24 879
23 244 80
23 593 501
24 129 508
24 41 609
25 703 779
25 388 165
25 57 545
25 51 740
25 621 638
26 27 934
26 474 675
26 290 609
26 137 13
27 28 946
27 29 381
27 485 747
28 30 852
28 489 702
28 364 371
28 152 634
28 481 961
28 488 954
29 31 998
29 673 437
29 212 544
29 536 703
30 32 445
30 689 38
31 33 148
31 121 981
31 203 63
31 554 237
31 549 577
31 693 91
32 237 186
32 305 755
32 524 739
33 34 164
33 704 298
33 187 608
34 461 829
34 146 155
34 235 235
35 37 221
35 531 348
35 196 637
35 471 343
36 413 748
36 718 345
37 426 958
37 218 358
38 40 324
38 437 71
38 692 676
39 375 591
39 533 61
39 569 475
40 93 664
40 138 629
40 70 685
40 649 197
41 665 760
41 378 734
42 44 281
42 680 991
43 414 586
43 491 171
44 393 872
44 717 247
44 255 253
44 689 856
45 47 253
45 577 97
45 383 581
45 66 852
46 705 239
46 449 753
47 49 493
47 597 121
47 76 578
48 49 685
48 50 39
48 420 656
49 50 702
49 51 203
49 128 62
49 706 354
50 316 958
50 422 819
50 342 293
50 282 146
51 85 834
51 358 843
52 196 534
52 240 305
53 54 664
53 261 375
53 386 319
53 553 907
53 100 927
53 632 769
54 55 925
54 681 738
54 683 46
54 618 75
54 113 669
54 365 823
55 589 215
55 287 563
55 521 524
56 694 833
56 409 270
57 58 124
57 201 149
57 311 945
58 142 168
58 520 771
58 263 911
59 283 2
60 211 17
60 92 276
61 63 402
61 461 969
61 216 448
62 64 814
62 703 951
62 711 559
63 448 616
63 385 573
63 245 477
63 654 197
64 167 187
64 221 613
64 306 611
64 622 528
65 67 936
65 439 925
66 67 897
67 68 159
67 165 193
67 360 686
67 701 970
67 516 377
68 375 985
68 625 900
69 70 231
69 71 724
69 325 527
69 433 705
70 71 337
70 559 451
71 72 64
71 632 237
71 97 65
72 73 963
72 489 317
72 410 479
72 450 43
73 75 602
73 672 958
73 552 399
74 342 313
74 493 490
74 311 749
74 203 744
75 114 214
75 139 926
75 627 922
76 77 780
77 190 55
77 203 26
77 429 24
78 366 930
78 316 305
78 610 38
78 466 896
79 80 632
79 528 290
79 671 988
80 700 438
80 132 493
80 373 555
80 379 67
81 182 319
81 476 166
81 246 860
81 455 226
81 678 456
82 84 561
82 272 152
82 676 361
83 448 469
83 218 466
84 85 509
84 352 579
84 191 751
85 490 70
85 254 995
85 326 472
85 317 296
86 87 591
86 593 245
87 337 384
87 319 965
88 89 635
88 270 920
89 90 436
89 91 296
90 91 610
90 411 832
90 692 203
90 293 799
90 505 464
90 695 288
91 92 489
91 93 661
91 449 963
92 598 630
92 594 146
93 94 389
93 581 531
93 582 678
94 546 636
94 186 793
95 379 567
95 98 812
95 322 993
95 354 176
96 98 792
96 607 977
96 163 626
97 98 656
97 99 880
97 291 554
98 100 81
98 651 714
99 496 994
99 457 600
99 100 429
99 252 129
99 546 708
100 102 377
100 203 463
101 662 372
101 198 479
101 401 15
102 104 984
102 208 267
103 104 394
103 214 390
104 549 621
104 170 662
105 106 663
105 107 515
105 146 922
106 107 33
106 590 194
106 668 626
107 570 747
107 242 836
108 109 335
108 660 708
108 317 65
108 196 673
109 457 681
109 564 526
109 138 847
110 597 703
110 701 780
111 112 653
111 161 693
111 539 860
111 203 823
112 113 292
112 132 560
112 129 682
113 367 175
113 272 495
114 115 709
114 298 322
114 623 817
114 149 791
115 116 373
115 343 349
115 170 30
116 231 457
116 304 521
117 451 163
117 335 222
118 120 795
118 147 267
119 294 796
119 281 982
119 317 675
119 392 578
119 126 344
120 630 420
120 685 597
120 240 388
121 554 721
121 609 942
121 603 578
122 123 291
122 124 921
122 492 106
123 134 752
123 566 52
123 563 66
123 714 898
124 199 296
124 329 549
124 716 623
125 126 484
125 127 138
125 480 903
126 242 96
126 573 945
127 129 588
127 688 991
127 424 158
127 698 454
128 429 12
128 574 647
128 678 40
129 298 615
130 500 528
130 230 762
131 376 123
131 561 73
131 542 619
132 513 728
133 135 161
133 376 131
133 336 561
133 505 576
134 358 863
134 489 616
134 603 916
134 217 790
134 446 439
135 214 460
135 532 667
135 717 226
136 138 111
136 449 194
137 138 177
137 193 79
137 469 795
138 403 211
139 662 690
140 142 204
140 340 655
140 344 175
141 143 880
141 555 805
141 574 822
141 624 306
142 616 924
142 152 194
143 144 996
143 533 683
144 145 565
144 146 288
144 582 991
145 200 594
145 336 938
146 197 874
146 231 912
146 192 556
147 149 150
147 324 533
148 149 463
148 150 251
149 150 73
149 670 915
149 583 456
150 151 183
150 152 445
150 217 968
150 326 481
150 576 284
151 152 630
151 629 984
152 153 427
152 169 610
152 428 555
152 549 749
153 324 514
153 318 145
153 512 482
153 622 705
154 155 374
154 156 187
154 683 487
155 156 11
155 157 561
156 533 39
156 491 543
156 162 485
157 373 659
157 189 232
158 159 710
158 160 881
158 453 895
158 551 641
158 389 747
159 627 540
159 246 166
160 465 195
160 253 372
160 356 835
160 442 117
161 163 902
161 315 5
162 606 861
162 259 950
162 637 696
162 645 896
162 255 182
162 605 875
163 466 791
163 514 683
163 299 220
164 166 365
164 330 80
164 371 669
164 468 637
165 167 906
165 571 107
165 206 165
166 252 307
166 357 77
167 661 272
167 469 978
168 169 750
168 170 820
168 421 745
169 171 386
169 226 684
170 171 165
170 172 991
170 500 793
170 667 682
171 173 879
171 595 113
171 185 97
172 173 578
172 174 738
173 175 984
173 622 280
174 182 835
174 598 267
174 326 603
175 176 556
175 257 425
175 247 553
176 178 341
176 509 176
177 178 669
177 179 284
178 180 271
178 513 708
178 204 141
179 181 407
179 298 743
180 182 971
180 217 944
181 239 929
181 397 708
182 184 466
182 395 357
182 597 476
182 715 304
183 184 853
183 372 214
184 185 733
184 186 449
184 588 830
185 240 907
185 470 850
186 381 501
186 613 431
186 229 96
187 188 823
187 228 812
187 615 47
188 563 395
188 198 221
188 238 177
188 654 876
188 351 272
189 283 787
189 596 444
190 191 131
190 652 690
191 193 407
191 699 656
191 290 324
191 623 827
192 193 814
192 309 582
192 637 172
192 691 342
193 194 194
194 373 912
194 463 356
194 264 423
195 196 479
195 197 162
196 199 777
196 419 413
197 663 252
197 346 869
197 467 857
197 661 8
198 200 726
198 350 297
198 664 802
198 211 199
199 635 153
199 209 28
200 461 774
200 323 303
201 203 803
201 307 346
201 482 323
202 204 105
202 250 765
202 394 433
203 381 177
204 206 979
204 672 740
205 206 540
205 207 517
206 667 862
206 703 952
207 452 472
207 456 918
207 585 295
207 695 684
207 515 390
208 210 259
208 262 859
209 210 505
210 211 971
211 656 351
211 457 161
211 662 538
212 559 321
213 215 277
213 630 118
214 215 270
214 709 529
214 284 627
214 554 828
214 680 916
215 216 997
215 217 375
216 396 693
216 645 683
216 684 738
217 219 120
217 357 505
217 435 817
217 636 250
217 504 45
218 219 878
219 220 225
219 221 975
220 222 291
220 422 675
220 570 601
220 646 322
221 323 37
221 601 358
221 433 882
221 309 440
222 223 319
222 513 478
222 540 784
222 357 534
222 224 505
222 557 749
223 224 818
223 292 695
223 340 53
224 656 804
225 227 125
225 236 144
225 675 811
226 228 860
226 458 328
227 527 619
227 369 912
227 540 977
227 663 391
227 699 848
228 229 374
229 434 290
229 718 295
229 705 470
230 231 395
230 419 866
230 462 5
231 233 762
231 616 20
232 233 37
232 618 373
232 368 158
233 234 459
233 437 509
233 677 111
233 544 168
233 648 884
234 235 951
234 236 487
235 619 520
235 525 35
236 237 891
236 412 418
236 305 564
236 619 593
237 382 986
237 326 104
237 679 527
238 692 694
238 271 537
239 240 636
239 416 704
239 466 783
239 437 236
240 241 282
240 608 114
241 674 762
241 635 357
241 301 459
242 449 821
242 368 165
243 244 818
244 502 125
245 610 395
247 595 136
248 674 323
248 528 482
249 586 81
249 466 969
249 409 920
249 572 916
250 252 455
250 551 767
250 306 169
251 253 331
251 432 574
252 253 869
252 287 937
253 254 576
253 606 805
254 256 916
254 530 510
255 256 73
256 257 899
256 258 292
257 258 441
257 259 982
258 609 622
258 282 584
258 625 99
259 261 518
259 451 51
259 532 718
259 268 176
260 545 844
260 493 661
261 263 449
262 554 937
262 471 604
263 264 620
263 344 190
263 577 385
263 340 835
264 718 819
264 630 84
265 266 167
265 267 431
265 443 389
266 267 506
266 268 484
266 370 933
267 268 970
267 602 174
267 448 756
267 560 444
268 626 974
269 506 684
269 311 888
269 346 751
269 334 97
270 441 316
270 274 284
270 518 372
270 523 440
271 272 144
272 274 929
272 415 942
272 523 611
273 674 523
273 458 577
274 276 974
275 276 106
275 277 545
275 494 42
275 314 111
276 278 843
276 371 440
276 332 226
276 437 979
276 570 17
277 278 248
277 512 454
278 419 25
278 477 845
279 280 701
279 337 125
280 282 15
280 629 556
280 613 206
281 283 776
281 620 574
282 498 985
282 453 888
283 284 715
283 546 36
284 285 233
284 286 577
284 461 311
285 286 58
285 287 365
286 288 457
286 478 815
287 639 626
288 560 599
288 683 130
289 407 350
289 461 373
289 550 285
289 642 148
290 292 859
291 682 889
292 502 304
292 317 516
292 558 291
293 294 544
293 295 115
294 295 285
294 296 544
295 296 20
295 335 945
295 515 119
296 297 108
296 298 415
296 382 992
297 563 40
297 387 971
297 467 327
298 582 719
299 300 244
300 301 758
300 436 993
301 302 688
301 653 994
302 304 754
302 625 40
302 640 692
303 305 475
303 463 240
304 578 194
305 384 904
305 465 668
306 404 613
307 472 443
307 353 633
308 669 252
308 402 256
309 628 119
309 375 644
310 311 891
310 325 306
310 658 273
311 331 748
311 625 73
312 314 391
312 411 627
312 499 84
313 314 697
313 315 792
313 486 584
314 536 987
314 355 105
314 503 575
314 567 30
315 666 87
315 687 70
316 318 52
318 320 131
318 644 482
318 650 358
319 320 348
319 674 320
320 321 553
320 322 392
321 362 178
321 670 200
321 479 67
322 402 48
322 401 940
323 555 114
323 479 608
323 538 416
324 711 931
325 327 695
326 536 194
327 328 416
327 329 463
327 508 445
327 699 621
328 330 69
328 682 634
329 493 209
329 445 453
330 331 123
330 637 271
331 512 551
332 718 376
332 526 143
333 335 367
333 443 929
334 335 37
334 431 178
334 441 445
335 633 140
335 441 798
336 599 227
337 338 527
337 521 298
337 519 512
338 339 690
338 340 256
339 340 917
339 341 490
340 708 331
340 359 128
341 343 602
341 519 241
341 406 616
342 343 936
342 398 521
343 345 112
343 446 922
343 390 276
343 458 562
344 566 399
345 346 468
345 347 943
345 475 537
346 348 463
346 478 370
347 558 795
347 662 103
348 350 834
348 412 528
349 350 312
349 351 774
349 452 123
349 463 972
350 352 101
351 352 838
351 353 867
352 547 377
352 528 972
353 354 666
353 473 189
353 513 332
354 355 768
354 524 960
355 515 559
355 411 721
355 507 902
355 667 632
356 357 845
356 592 109
357 365 248
357 501 461
357 711 253
358 360 305
359 485 85
360 532 819
361 362 858
361 363 841
361 492 804
362 364 841
362 609 917
362 512 147
362 598 120
362 697 934
363 656 683
363 499 831
364 366 364
365 366 815
365 428 567
366 368 897
366 606 156
366 609 988
367 557 706
367 496 742
367 633 520
368 369 688
368 370 530
369 371 219
370 372 980
371 639 943
372 374 742
372 458 994
372 635 127
373 375 942
373 599 583
374 627 896
374 485 981
375 587 366
376 377 434
376 378 857
376 657 671
377 608 58
377 647 90
378 380 658
379 484 620
379 585 501
380 381 976
380 573 875
381 382 15
381 611 787
382 633 142
382 646 377
382 400 201
383 499 906
384 386 842
384 586 681
385 386 43
385 491 557
386 432 632
386 606 930
387 506 945
388 517 585
388 416 132
389 390 817
389 547 343
389 531 747
390 514 565
390 567 368
391 392 164
391 398 381
391 479 67
391 643 73
391 573 431
392 554 211
392 431 791
393 395 279
393 651 214
393 705 557
394 400 700
395 397 299
396 397 651
396 398 445
397 398 917
397 399 288
397 684 99
398 400 244
399 400 232
399 487 801
399 561 331
399 656 245
400 405 60
400 600 680
401 434 374
401 496 540
402 403 974
402 444 407
403 596 933
403 490 809
403 629 88
404 406 104
405 406 690
405 407 587
406 408 605
407 409 140
407 677 943
408 410 354
408 452 943
410 578 894
411 439 194
412 413 912
412 414 250
413 415 43
413 500 350
414 416 699
415 417 872
417 418 501
417 419 311
418 419 277
418 420 371
419 421 324
419 631 953
419 688 98
420 421 376
420 607 884
421 423 651
422 424 390
423 635 335
424 561 744
425 426 821
425 427 514
425 655 600
426 427 930
426 428 827
426 432 721
427 428 292
427 429 511
428 595 842
430 431 851
430 432 742
431 433 944
431 509 1
432 433 734
433 562 666
435 454 748
436 717 82
436 529 978
436 601 447
438 439 340
438 564 198
439 441 922
439 659 238
440 442 342
440 619 49
441 442 215
441 443 153
442 443 847
442 478 896
443 445 880
443 669 144
443 704 498
444 624 693
444 570 435
445 451 103
446 569 556
447 653 906
447 689 594
447 453 901
448 449 868
448 699 360
448 643 368
449 575 408
449 626 671
450 671 547
451 453 301
451 529 279
452 454 600
453 607 103
454 455 956
454 456 62
455 659 504
456 549 750
457 642 347
458 459 770
459 600 83
460 462 189
460 701 411
461 543 401
461 627 748
462 712 266
464 676 884
464 577 379
464 579 179
465 605 679
465 716 451
467 618 628
468 469 945
468 545 867
468 614 656
469 711 552
470 536 14
470 600 935
471 472 788
472 473 51
472 474 248
472 630 279
473 524 281
473 595 123
474 704 778
474 558 911
475 477 173
475 543 472
476 477 512
476 664 567
477 478 544
477 479 508
478 484 205
478 707 442
478 495 812
479 487 153
480 481 269
480 524 159
480 670 248
481 559 695
482 483 505
483 484 207
483 655 847
484 591 504
485 704 176
486 487 945
486 644 285
487 489 970
488 489 632
489 684 511
490 492 515
491 493 696
491 618 882
491 696 645
493 495 689
494 496 319
495 496 768
496 718 431
496 539 514
497 498 499
497 626 356
498 551 257
499 501 300
499 680 518
500 647 876
500 714 103
501 633 111
502 504 3
502 694 538
503 616 446
504 571 926
505 578 670
506 507 554
506 604 833
507 508 819
508 617 620
508 619 463
508 647 998
508 682 224
509 557 224
510 626 141
510 571 711
511 512 549
511 550 87
514 516 306
515 558 400
517 519 973
517 683 821
518 520 513
519 520 949
519 711 606
520 522 366
522 523 948
522 685 221
523 524 37
525 526 871
526 528 103
526 634 992
527 528 250
527 529 278
529 530 798
530 531 480
530 655 762
531 532 748
532 534 759
533 591 915
534 535 664
534 536 44
535 536 634
535 708 178
535 571 961
536 537 435
536 580 198
537 538 950
537 539 603
537 623 594
538 556 622
538 597 907
538 690 859
540 542 162
541 542 660
541 543 392
542 544 880
542 617 817
544 545 53
545 587 858
546 564 205
546 702 787
547 549 673
548 549 402
548 550 927
548 591 31
550 552 24
551 553 452
552 554 165
552 638 689
555 558 166
556 557 19
556 558 416
557 558 823
558 559 859
559 560 312
559 561 359
560 561 305
561 693 863
562 563 376
562 564 843
563 564 619
564 566 675
565 566 144
565 567 353
566 567 645
568 569 435
568 589 49
569 571 207
571 681 433
572 573 404
572 688 34
573 672 910
575 576 521
575 577 253
576 670 395
577 579 891
578 710 590
578 590 664
579 580 578
579 672 403
580 581 549
581 662 625
582 584 571
582 666 132
583 584 249
584 586 259
584 687 725
586 625 169
587 588 769
588 675 755
588 706 787
589 590 586
589 591 827
589 673 595
592 708 731
593 594 790
593 595 172
593 649 171
594 595 25
594 617 716
594 638 628
596 642 271
599 656 742
602 604 836
604 605 841
604 606 16
604 612 917
606 607 440
606 701 730
608 610 885
609 610 697
610 611 402
610 612 319
611 613 41
612 613 203
614 615 489
615 616 729
616 699 985
620 622 683
621 622 911
622 691 813
622 716 244
624 625 406
625 667 890
626 628 650
626 642 535
627 629 667
628 629 517
628 630 732
629 630 976
629 631 316
630 632 851
631 633 898
633 635 108
634 635 201
635 637 740
636 638 801
636 677 126
638 665 555
639 640 75
640 642 543
641 642 924
641 669 647
646 647 752
647 649 115
648 649 638
650 652 458
651 652 418
651 658 998
651 675 63
652 653 492
652 654 746
653 655 631
657 659 246
659 682 167
659 675 631
660 662 151
661 662 777
662 704 550
664 666 751
664 690 130
665 667 698
668 669 158
668 670 761
669 671 354
671 672 661
671 673 176
673 675 645
674 676 976
676 677 133
678 679 224
679 680 952
685 687 766
686 687 776
686 688 219
687 688 848
691 692 280
694 695 633
696 698 959
697 698 995
698 699 774
700 702 580
701 703 49
701 715 598
702 704 489
706 707 756
707 709 494
708 710 827
709 711 47
710 711 421
710 712 745
712 713 362
712 714 462
713 714 146
713 715 640
714 715 224