0 1 214
0 2 173
0 393 933
1 603 124
1 82 320
1 94 253
2 4 345
2 198 873
2 81 623
2 75 55
2 205 918
3 54 987
3 282 817
3 305 704
3 203 836
3 41 16
3 544 155
4 603 755
4 336 502
4 299 545
5 409 126
5 295 568
5 455 389
5 174 226
6 7 970
6 280 332
6 97 459
6 550 777
7 8 534
7 384 600
7 491 404
8 9 349
8 10 847
8 138 23
8 352 128
9 580 762
9 608 549
9 146 683
10 158 817
10 113 704
10 215 486
10 256 357
11 12 596
11 313 164
11 14 988
11 237 838
12 105 556
12 572 550
12 593 946
12 18 936
13 14 815
13 361 536
13 329 595
14 191 635
14 310 756
15 74 710
15 228 439
16 18 619
16 386 393
17 353 647
17 58 883
17 574 689
18 440 753
18 619 149
18 511 151
19 74 245
19 333 881
19 416 217
20 22 610
20 548 580
20 522 869
20 296 584
21 22 284
21 23 549
22 23 530
22 396 157
22 342 285
23 484 989
23 241 573
24 25 40
24 26 839
24 578 962
25 27 310
25 423 398
25 491 798
26 27 944
26 28 43
26 459 408
27 329 643
27 334 118
27 478 330
27 397 139
27 202 169
27 545 606
28 29 638
28 30 339
29 36 652
29 47 630
30 32 965
30 382 36
30 321 443
31 32 188
31 436 415
32 247 346
32 99 964
32 317 937
32 177 738
32 581 230
33 440 24
33 422 420
33 602 206
33 519 228
33 251 199
34 35 215
34 484 472
35 36 415
35 142 326
35 596 464
36 38 638
36 596 546
36 190 426
37 533 89
37 113 96
37 529 217
37 78 393
37 360 60
38 39 45
38 586 837
38 464 162
38 274 408
39 40 244
39 478 145
40 41 667
40 97 399
40 473 371
40 104 105
40 63 449
40 357 409
41 487 84
41 155 764
41 229 770
42 72 334
42 100 471
42 262 699
42 387 789
43 44 491
43 45 788
43 434 85
44 508 288
44 355 618
45 46 94
45 507 422
45 400 723
46 47 687
46 48 477
47 311 384
47 362 113
47 524 425
47 452 449
47 109 769
48 49 974
48 450 881
48 321 462
49 51 744
49 438 51
49 178 285
50 414 13
50 144 570
50 258 186
50 84 912
51 53 154
51 410 590
51 220 880
51 531 553
52 205 457
52 385 427
52 76 812
52 429 511
53 54 987
53 145 940
53 334 34
54 55 97
54 567 63
55 56 718
55 589 845
55 553 958
56 292 351
56 373 292
57 272 67
57 165 916
57 597 765
57 201 126
58 60 298
58 580 583
58 66 609
58 570 802
58 206 136
58 492 905
59 61 263
59 157 211
59 537 262
60 285 806
60 287 994
61 367 23
61 295 830
61 62 148
62 63 887
62 321 881
63 64 970
63 323 628
63 526 674
64 65 184
64 415 725
64 363 113
64 115 591
65 66 647
65 67 145
66 150 68
66 140 469
67 332 507
67 365 234
67 611 520
67 505 496
67 79 470
67 135 885
67 157 507
67 255 844
68 70 39
68 485 738
68 556 100
68 203 226
68 304 453
69 71 958
69 335 976
69 145 320
70 72 850
70 444 42
70 287 952
71 73 87
71 406 546
71 219 341
71 231 224
71 412 680
72 611 310
72 417 549
72 366 640
73 242 589
73 344 54
73 371 593
74 278 112
74 541 3
74 266 730
74 467 511
75 557 143
75 341 931
75 368 571
75 560 811
76 77 757
76 299 210
77 79 541
77 252 637
77 95 482
78 80 505
78 209 477
79 235 818
79 419 549
80 81 344
80 266 13
81 252 707
81 104 388
81 219 614
81 508 290
82 84 12
82 127 214
82 314 81
82 354 604
83 84 648
83 85 273
84 419 981
84 528 654
85 86 822
85 87 923
85 117 948
86 88 175
86 213 100
87 88 190
87 240 802
88 90 421
88 232 332
88 225 119
88 525 264
89 90 922
89 139 583
89 248 212
89 545 954
90 91 266
90 521 286
90 614 16
90 594 737
91 93 254
91 168 374
91 132 151
91 164 685
91 232 836
91 587 97
92 94 34
92 591 455
93 94 377
93 539 6
94 96 986
94 113 952
94 298 114
94 462 82
95 97 836
95 452 75
95 546 96
96 181 255
96 550 111
97 136 913
97 393 99
98 327 335
98 443 630
98 310 696
99 271 824
100 376 819
100 483 919
101 103 917
101 292 619
101 618 258
102 103 414
102 104 290
102 376 431
102 530 343
102 259 330
102 535 383
103 105 499
103 601 544
103 104 791
103 304 641
103 529 956
104 200 567
104 521 886
104 591 756
105 107 427
105 236 653
105 255 251
106 107 211
106 187 465
106 171 683
106 290 938
107 286 438
107 302 424
107 469 935
108 110 45
108 360 568
109 265 118
109 439 160
110 111 480
110 469 289
110 488 679
110 136 110
110 191 948
111 112 510
111 294 885
112 175 40
112 287 455
112 369 763
112 227 786
112 300 156
113 371 826
113 182 97
113 165 614
114 402 553
114 270 9
115 322 629
116 117 759
116 118 889
116 447 734
117 118 873
118 290 36
118 292 114
118 196 831
119 121 241
119 146 348
119 489 988
120 122 453
120 469 836
120 196 225
121 123 160
121 268 19
122 124 908
122 510 751
122 585 508
123 125 102
123 317 239
123 189 510
123 301 144
123 470 391
123 614 108
124 125 215
124 435 567
125 127 870
125 175 436
125 447 176
125 608 48
126 227 910
126 490 295
126 271 495
127 128 744
128 133 902
128 437 118
129 131 719
129 227 686
129 353 314
130 131 27
130 132 571
131 133 918
131 488 54
132 147 807
132 427 596
132 327 619
133 135 38
133 282 559
133 186 546
134 136 473
134 260 976
134 428 866
135 136 611
135 509 662
136 137 24
136 383 75
136 381 541
137 138 722
137 328 129
137 248 512
137 494 636
138 146 577
139 141 109
139 499 912
139 228 171
140 141 320
140 142 522
140 282 113
140 506 625
141 142 63
141 579 672
142 143 477
142 561 570
142 485 296
143 157 437
143 389 680
143 415 454
143 193 166
144 146 494
146 469 227
146 322 313
147 149 622
148 149 474
148 150 259
148 335 281
148 425 627
149 151 10
149 422 668
149 498 270
150 416 88
151 185 461
151 588 821
151 551 990
152 154 859
152 588 151
153 155 542
153 222 714
153 536 932
154 156 890
154 320 931
155 539 563
155 181 716
155 484 725
156 158 92
156 195 849
156 619 891
157 158 620
157 592 996
158 272 783
158 284 249
158 367 675
158 332 747
158 362 46
159 160 847
159 615 970
159 341 493
160 161 441
160 162 956
161 162 615
161 545 861
161 225 869
162 585 568
162 236 277
163 164 233
163 165 940
163 185 338
163 279 378
164 166 203
165 549 13
166 168 523
166 596 700
166 618 994
167 225 287
167 327 948
168 170 113
168 361 833
168 419 643
169 171 700
169 417 533
169 609 24
170 367 533
170 287 313
171 498 427
171 394 999
172 173 845
172 174 371
173 469 421
173 488 501
173 606 573
173 490 723
174 175 695
174 176 742
175 176 264
175 544 950
175 561 750
176 178 907
176 516 906
176 592 878
176 436 140
177 178 573
177 228 933
177 195 986
178 587 564
179 340 191
179 386 861
179 478 571
180 182 519
180 391 40
181 532 622
182 467 271
182 332 749
182 425 362
182 474 477
182 316 962
183 545 382
183 245 222
183 197 284
184 510 792
184 505 556
184 369 73
184 309 458
184 548 803
185 211 34
185 256 755
186 188 167
187 523 592
187 205 543
187 426 526
188 189 638
188 190 966
188 380 430
188 333 812
189 191 497
189 408 240
189 475 120
190 191 166
191 192 613
192 587 418
192 573 37
192 605 982
193 194 44
193 406 146
194 195 18
194 196 50
195 196 95
195 197 191
195 576 977
196 396 981
196 499 355
197 199 29
197 430 800
197 554 852
198 200 187
198 318 996
199 201 73
199 356 402
200 202 290
200 504 93
200 616 583
201 202 745
201 203 316
201 240 331
201 464 672
201 211 775
202 459 214
203 465 601
204 205 199
204 206 235
204 442 101
205 301 180
205 554 12
206 238 442
207 208 355
207 375 244
208 283 964
208 222 632
208 377 472
208 272 638
208 292 99
209 210 335
209 472 142
209 258 151
210 613 609
210 242 11
210 526 883
210 221 833
211 369 431
212 213 91
212 214 189
213 215 780
213 323 547
214 215 105
214 216 381
215 356 677
215 458 797
216 217 413
216 323 101
216 298 165
217 218 287
217 454 31
218 220 641
218 471 186
218 231 418
220 221 985
221 477 968
221 438 119
221 315 374
222 490 424
223 225 477
223 446 191
224 225 508
224 226 933
225 338 778
225 593 269
226 228 771
226 388 666
226 232 600
226 433 459
227 411 656
228 598 877
228 611 205
229 231 656
230 232 18
230 246 879
233 234 219
233 235 725
233 479 486
234 235 78
234 236 311
234 435 107
235 405 632
235 614 482
235 241 535
236 237 657
236 287 14
236 405 350
237 522 59
238 445 615
238 605 598
238 594 263
239 458 909
239 249 755
239 312 223
240 242 418
240 294 312
241 450 697
242 244 266
243 244 398
243 291 186
243 494 599
243 345 286
244 610 561
244 453 543
244 588 764
244 250 383
244 351 115
245 511 364
245 557 195
246 247 970
246 395 356
246 251 804
246 534 179
247 615 728
247 474 998
247 342 921
247 334 891
249 394 590
249 307 527
250 251 103
251 396 60
251 311 15
251 325 208
251 516 974
252 388 216
252 552 417
253 254 655
253 411 749
253 343 273
254 255 102
254 534 120
256 372 850
257 258 644
257 482 91
257 526 622
258 260 186
258 328 423
259 389 938
259 411 376
259 481 706
260 261 951
260 262 588
261 262 153
261 590 405
261 428 328
261 521 184
262 560 848
263 264 765
263 265 696
264 265 151
264 398 426
264 459 513
265 267 101
265 329 496
266 267 857
266 268 832
266 440 683
267 268 74
267 269 408
268 269 190
268 326 53
269 557 387
269 294 289
269 573 462
270 556 175
270 600 826
270 360 473
271 615 945
272 273 11
272 274 224
272 431 742
273 274 901
273 409 946
273 546 475
274 275 345
275 277 418
275 422 314
276 278 540
276 532 480
276 330 982
277 403 575
277 416 44
278 279 532
278 588 728
279 458 82
279 340 248
279 423 883
280 282 239
280 354 674
280 328 348
281 462 629
281 350 328
281 553 784
282 392 879
282 439 152
283 284 354
283 285 367
283 427 353
284 286 577
284 612 334
285 287 212
285 564 623
285 463 667
286 288 151
286 496 866
286 300 69
287 352 631
287 410 553
287 578 316
288 289 590
288 290 516
288 319 80
289 290 907
289 291 285
289 399 773
289 476 357
290 291 462
291 293 14
291 483 234
292 293 879
293 294 184
293 507 197
293 337 478
294 475 80
295 297 391
296 613 60
297 298 125
297 459 705
299 317 208
299 334 230
300 589 776
301 486 853
302 378 544
302 323 903
303 305 555
303 446 494
303 516 415
304 372 775
304 421 714
304 569 543
304 355 162
305 314 352
305 561 414
306 308 433
306 477 574
307 488 895
307 551 686
308 309 100
308 310 378
308 505 763
309 310 579
310 595 633
311 531 786
312 314 455
312 495 64
313 315 543
313 459 39
315 422 783
315 391 855
316 512 928
317 325 368
318 449 268
318 541 707
319 424 260
320 322 170
320 403 165
321 356 724
321 609 878
322 324 36
323 324 850
324 326 992
324 425 25
325 327 691
326 354 925
326 601 340
327 328 716
327 509 335
328 485 923
329 564 989
329 379 800
329 432 782
330 332 275
331 332 86
331 333 868
332 381 821
333 334 940
334 374 296
335 337 594
335 502 966
336 549 908
336 337 960
337 338 183
338 340 561
338 421 844
339 340 151
339 341 149
340 341 529
340 448 761
342 344 759
342 421 559
343 345 631
343 368 217
344 345 669
344 520 515
344 441 14
345 346 792
345 347 785
345 400 374
346 347 678
346 367 791
346 446 680
346 575 113
347 348 925
347 349 156
347 535 155
348 350 946
348 599 561
349 350 735
349 460 492
350 386 299
351 352 64
353 355 913
355 356 466
356 358 352
356 489 250
357 358 879
358 430 738
358 380 4
359 360 683
359 361 879
359 599 807
359 417 899
360 361 237
360 569 65
361 363 275
361 390 641
363 385 340
363 377 108
364 365 267
364 593 208
365 367 850
366 368 103
366 417 371
367 369 237
368 370 871
369 370 362
370 398 851
370 374 252
372 451 223
373 597 761
373 594 999
373 415 126
374 434 37
374 604 498
375 376 379
375 382 287
375 450 861
375 438 58
376 378 995
376 561 150
377 379 346
378 380 873
379 380 276
379 381 193
380 382 698
380 490 394
380 445 245
381 382 712
382 384 683
383 617 383
383 446 395
383 448 61
384 385 430
384 386 800
384 542 114
385 387 796
385 599 6
386 388 939
386 503 765
386 441 156
387 389 643
387 582 124
387 420 430
388 493 580
389 391 282
390 499 58
391 480 227
391 565 584
392 450 751
394 396 43
394 524 53
395 397 495
395 593 726
397 398 542
397 399 267
398 400 709
399 401 312
399 474 878
400 496 530
401 402 491
401 403 539
401 484 936
402 403 839
402 404 28
403 404 340
403 405 602
404 406 529
404 508 701
405 470 156
406 408 33
407 619 495
407 455 166
408 410 371
409 410 876
409 411 981
409 588 37
410 411 774
411 588 345
412 413 958
413 414 233
413 564 547
414 514 895
414 548 591
415 493 25
416 478 161
417 577 221
418 419 809
418 420 502
419 590 15
420 422 613
422 487 337
423 424 653
424 433 10
424 521 634
426 427 256
426 617 613
427 576 682
428 549 291
429 430 262
429 452 609
429 566 511
430 431 71
430 432 60
431 433 190
432 433 564
432 582 227
433 536 528
434 435 263
435 437 942
436 437 31
437 438 737
437 439 532
437 477 416
438 556 835
440 442 770
440 563 170
440 583 896
441 589 992
442 444 978
443 445 773
443 609 196
444 446 164
444 542 461
445 446 368
446 447 281
447 594 402
449 450 954
449 451 347
450 452 109
450 515 195
451 452 415
451 518 275
453 614 926
453 509 525
454 455 329
454 456 897
455 457 212
456 457 744
456 458 558
457 468 811
457 497 341
458 598 257
460 462 432
460 512 778
460 492 392
461 462 602
461 463 681
462 464 806
462 540 887
463 465 539
464 466 618
464 613 332
465 466 816
465 467 879
466 467 890
466 468 171
466 486 696
467 476 274
468 501 238
468 494 21
469 471 512
470 596 985
471 472 6
471 489 256
472 474 425
473 535 381
475 547 904
476 477 120
476 540 333
477 479 720
479 481 18
479 591 329
480 481 690
480 482 488
481 507 802
481 606 823
482 484 682
485 486 343
487 488 290
487 537 823
488 490 912
492 595 836
493 495 862
494 512 990
495 496 478
495 497 950
496 498 44
497 498 750
497 499 90
498 499 680
500 501 983
500 502 590
501 502 442
501 503 836
501 512 26
501 559 312
501 587 219
502 504 587
503 504 782
503 505 493
503 510 11
503 525 217
503 602 84
504 511 567
506 507 367
507 509 385
508 509 196
510 511 287
511 525 42
513 514 336
513 522 181
514 515 338
514 591 810
515 517 745
515 595 974
516 520 497
516 577 39
516 610 279
517 518 158
517 536 263
518 520 274
518 576 860
519 520 955
519 521 678
520 522 389
520 560 134
521 607 919
522 524 285
523 524 218
523 525 752
526 611 787
527 528 355
527 529 951
528 608 149
530 566 552
531 532 64
532 533 589
532 534 516
532 538 842
532 558 145
533 535 554
533 540 776
534 535 554
536 538 681
537 539 329
537 553 577
538 540 285
539 540 298
539 541 563
540 562 529
541 593 714
542 544 520
543 544 472
543 545 437
546 612 224
547 548 636
547 549 333
548 549 999
550 606 102
551 619 277
552 553 183
552 554 588
554 559 885
555 556 694
555 557 633
557 558 907
557 565 235
558 560 353
560 597 129
561 563 919
562 619 949
563 565 314
563 608 529
564 565 387
564 570 143
566 567 505
566 570 385
567 568 803
567 569 802
568 569 415
568 570 706
568 598 858
568 613 899
571 572 504
571 573 491
572 574 885
573 574 472
574 575 516
575 576 935
579 580 237
579 596 558
580 581 897
580 582 452
581 582 214
582 583 9
583 616 733
584 585 889
584 586 611
585 587 800
586 614 584
590 592 69
594 595 64
596 597 36
600 602 930
601 602 402
601 603 608
603 604 956
603 605 800
604 605 933
606 607 278
607 608 479
610 612 351
615 616 919
615 617 17
616 617 759
617 619 870