0 1 190
0 262 213
0 91 215
1 411 304
1 75 340
1 249 936
2 4 366
2 287 792
2 409 75
2 163 360
3 4 759
3 420 767
3 89 411
4 6 639
4 196 766
4 485 535
5 7 503
5 392 346
6 36 540
6 49 679
7 8 853
7 65 878
7 80 333
7 173 860
8 9 653
8 358 258
9 433 839
9 187 157
9 424 356
10 11 607
10 305 111
11 12 194
11 41 53
12 416 727
12 198 989
12 388 301
12 458 813
13 424 864
13 58 307
14 323 982
14 303 205
14 213 258
15 224 504
15 370 745
15 340 490
16 17 241
16 408 860
16 196 554
17 212 865
17 68 749
17 233 589
17 433 668
18 112 918
18 490 279
18 286 706
19 20 256
19 429 513
20 21 460
20 22 895
20 356 482
21 90 333
21 342 681
21 365 963
22 330 134
22 337 450
23 24 277
23 25 525
23 72 567
23 463 471
24 25 228
24 385 856
25 236 830
25 410 90
25 406 420
26 27 799
26 364 550
27 28 951
27 470 639
28 430 744
28 197 135
29 31 297
29 221 625
29 277 79
30 425 94
30 348 423
30 428 61
30 389 193
31 75 728
31 329 647
32 34 368
32 406 20
32 36 830
32 486 679
33 35 46
33 81 90
33 224 929
33 448 98
34 468 213
34 174 441
34 265 316
34 361 673
35 36 799
35 437 9
35 480 572
36 37 816
36 164 312
36 267 837
37 38 163
37 243 626
37 292 458
38 39 416
38 249 361
38 373 801
39 383 644
39 68 186
40 239 674
40 226 705
40 420 538
40 46 133
40 384 344
41 483 885
41 354 10
41 377 14
41 176 975
41 345 111
42 327 849
42 478 613
43 207 589
43 438 298
44 64 387
44 483 511
44 409 744
45 46 752
45 63 338
45 83 305
45 163 151
45 428 638
45 332 650
46 213 226
46 427 919
46 97 499
46 490 721
47 48 402
47 88 984
48 347 559
48 196 186
48 217 620
48 152 25
49 486 256
49 142 793
50 51 110
50 138 785
50 303 124
51 53 17
51 118 747
51 129 722
51 68 891
52 54 491
52 89 981
52 456 53
53 54 397
53 178 688
53 202 128
53 150 129
53 241 707
54 235 884
54 309 516
55 427 613
55 387 608
56 459 14
56 478 317
56 261 202
57 409 660
57 175 276
57 129 565
57 355 691
58 59 191
58 192 221
58 309 17
58 360 576
58 435 875
59 61 362
59 62 145
59 371 631
59 470 58
59 494 29
60 61 225
60 62 189
60 101 512
60 399 252
61 373 980
61 257 694
62 63 29
62 174 84
62 374 285
62 489 925
63 136 123
63 125 368
64 410 546
64 270 248
64 186 197
64 85 117
64 118 902
64 239 800
64 264 901
65 331 661
65 218 479
66 67 362
66 465 520
67 68 687
67 457 306
68 313 321
69 241 312
69 380 372
70 72 186
70 347 895
71 366 756
71 110 779
71 442 227
72 226 570
72 207 180
72 240 742
73 74 51
73 411 542
73 475 278
74 75 24
74 109 275
75 135 215
75 182 757
75 104 623
75 214 540
76 78 861
76 274 114
76 375 440
77 79 783
77 487 111
77 321 754
78 79 944
78 80 584
78 185 770
79 80 230
79 81 993
79 333 520
80 450 774
81 82 304
81 168 52
82 83 574
82 398 268
83 85 215
84 404 108
84 405 944
85 86 657
85 222 647
85 234 65
86 87 185
86 273 364
86 312 576
86 106 882
87 88 733
87 89 724
87 197 835
87 369 700
88 89 283
88 230 193
88 100 776
89 150 40
90 331 694
90 118 977
90 475 752
90 477 415
90 171 180
91 93 558
91 256 294
92 93 523
92 227 378
92 291 615
92 261 867
92 326 287
92 390 297
93 95 284
93 437 697
93 451 734
94 492 946
94 172 220
94 151 37
94 309 564
94 454 731
95 441 107
95 195 632
95 99 558
95 258 386
96 98 794
96 340 448
96 349 341
97 98 993
97 99 550
98 99 149
98 100 575
99 433 185
99 387 109
100 324 252
100 187 141
100 342 581
100 222 315
100 185 739
100 494 30
101 102 848
101 421 276
102 331 313
102 254 195
102 335 514
103 104 658
103 204 512
104 105 241
104 106 866
105 106 423
105 107 567
106 468 386
106 494 119
106 252 930
107 458 120
107 127 752
108 109 446
108 110 996
108 231 770
109 253 219
109 271 887
109 261 926
110 112 11
110 141 12
111 155 190
111 400 732
111 179 514
111 491 390
112 114 372
112 455 926
113 114 482
113 276 191
113 244 859
114 115 697
114 151 208
114 233 430
114 310 512
115 460 693
115 284 607
115 213 649
115 205 569
115 484 173
116 118 73
116 480 895
116 482 161
117 118 58
117 335 960
117 304 442
119 378 821
119 417 3
119 325 468
120 121 301
120 122 96
121 229 181
121 183 852
121 356 650
121 299 567
122 123 703
122 124 96
122 364 78
122 379 352
123 124 294
123 125 357
124 125 985
124 126 375
124 235 270
125 333 247
125 375 426
126 466 764
126 414 210
126 468 6
126 462 804
127 428 906
127 179 611
128 129 250
128 394 337
129 454 97
129 438 641
130 131 388
130 132 592
130 201 262
131 132 736
131 415 246
132 133 964
132 134 684
133 135 864
133 317 846
134 135 23
134 136 341
134 228 247
134 329 138
135 348 896
136 344 858
136 430 564
136 492 457
137 192 912
137 375 796
138 299 42
138 367 995
138 215 101
138 245 586
139 402 569
139 207 257
139 353 864
139 301 396
140 142 355
140 456 481
140 153 715
140 405 590
141 495 23
141 476 424
142 143 849
142 144 513
143 144 130
143 408 287
143 160 643
144 146 508
144 257 166
144 416 123
145 229 723
145 161 798
145 292 444
145 295 816
146 148 68
146 471 427
147 149 86
147 404 659
148 150 38
148 305 338
149 151 808
149 366 243
149 281 603
150 371 808
150 472 407
151 437 210
152 153 329
152 158 457
152 166 169
152 344 130
153 155 685
153 401 725
153 415 525
154 155 373
154 378 651
154 472 67
155 156 134
155 157 263
155 330 653
155 348 387
156 158 217
156 490 407
157 271 275
157 160 898
157 496 969
157 394 678
157 304 982
158 160 403
158 229 413
159 161 30
159 449 926
161 456 787
161 403 959
162 164 71
162 265 499
163 264 990
164 165 26
165 222 203
165 459 649
166 168 687
166 450 154
167 479 403
167 307 864
167 191 431
168 170 293
168 235 523
168 363 92
168 224 686
169 170 43
169 352 825
169 485 884
170 171 281
170 254 673
171 172 832
171 446 462
171 481 169
172 174 320
172 364 842
173 324 946
173 346 959
174 175 548
174 409 280
175 177 583
175 298 21
176 230 646
176 453 373
176 285 922
176 256 716
176 284 992
177 434 274
177 395 950
178 239 852
178 353 900
178 384 244
178 312 209
178 319 875
179 466 703
179 491 776
179 223 563
180 182 382
180 196 780
180 294 994
181 183 632
181 328 699
182 252 584
183 267 809
183 188 890
183 250 772
184 185 345
184 189 890
186 187 314
186 188 217
187 280 73
187 447 79
187 338 480
188 189 142
189 190 485
189 191 790
189 374 204
190 498 689
190 289 135
191 193 325
191 418 900
191 383 624
192 194 293
193 456 341
193 244 578
193 259 113
193 240 571
194 195 47
194 327 930
195 197 520
195 263 885
195 439 4
196 198 355
196 365 983
196 411 654
197 237 503
198 479 789
198 248 97
199 200 426
199 402 563
199 266 988
200 365 141
200 226 759
201 497 169
202 378 646
202 215 698
202 384 919
203 204 371
203 429 169
203 374 161
204 205 924
204 416 137
204 436 669
205 206 263
205 435 504
206 207 770
206 345 404
206 440 815
208 209 12
208 210 399
208 218 339
209 487 423
209 381 649
209 420 26
210 212 653
210 403 651
210 371 8
211 212 429
211 213 400
211 298 354
212 213 794
212 289 305
212 437 909
213 215 397
213 438 86
213 476 534
213 498 872
214 215 782
215 217 61
215 437 45
215 459 194
216 217 953
216 218 363
216 258 33
217 230 365
217 328 629
218 452 714
219 221 605
219 498 432
219 398 516
220 222 911
220 224 664
220 498 243
221 222 617
221 416 982
222 306 124
222 424 99
223 329 196
225 226 980
225 227 652
226 347 643
226 470 994
227 229 846
227 324 180
228 230 185
229 231 591
229 383 72
230 232 169
231 296 287
231 346 823
232 234 204
232 323 716
232 236 824
233 329 220
233 234 722
234 328 772
235 243 634
235 280 784
236 237 342
237 238 579
237 239 294
237 477 146
238 377 531
238 410 706
239 430 454
240 241 577
240 386 589
241 242 773
241 313 486
241 466 310
241 352 880
242 470 793
242 374 639
242 452 472
243 244 27
243 388 425
243 331 815
244 317 253
245 453 820
246 247 208
246 248 148
247 248 405
247 359 422
247 355 425
248 249 779
248 260 116
249 250 824
249 251 633
249 343 362
249 306 839
250 251 843
251 253 843
251 418 894
252 365 550
252 404 447
253 255 243
253 307 78
253 414 370
254 256 898
254 264 351
255 465 139
255 410 630
256 411 201
257 310 500
257 301 503
257 497 574
259 286 696
259 275 770
260 351 484
260 428 707
261 263 803
261 333 627
262 264 968
263 495 511
265 285 15
265 351 885
266 267 301
266 334 597
266 464 617
267 389 81
267 314 190
268 368 993
268 344 12
269 271 846
269 325 567
270 272 677
271 273 190
272 274 909
272 390 596
273 275 911
274 417 339
274 381 335
274 498 669
275 469 32
275 355 327
276 277 512
276 428 600
277 474 893
278 279 366
278 280 418
279 281 916
279 307 118
279 392 50
279 285 761
281 495 757
282 302 776
282 297 16
283 284 522
283 285 994
285 399 961
286 287 448
286 330 288
287 288 87
287 289 118
288 289 380
288 290 105
289 291 420
289 408 24
290 291 635
290 292 880
291 293 18
292 351 869
293 294 295
293 295 692
294 295 262
294 493 727
295 434 30
295 412 491
295 421 477
296 298 182
297 298 982
297 299 225
298 304 199
298 350 410
298 377 416
300 301 172
300 302 979
301 417 268
301 444 497
302 303 162
302 304 458
303 305 337
305 306 387
305 425 361
306 469 469
307 309 515
308 309 578
308 310 610
308 413 695
309 357 259
309 413 775
310 311 549
310 372 842
311 312 412
311 313 387
313 410 51
313 448 389
314 316 83
314 315 115
315 316 116
316 381 756
316 489 583
317 318 616
317 432 826
318 319 960
318 320 422
319 367 942
320 321 706
320 322 966
320 369 879
321 322 669
322 324 181
322 336 936
323 324 644
323 325 374
324 495 389
324 446 831
325 326 642
325 451 179
326 327 985
327 407 809
327 487 559
328 484 143
328 331 698
329 330 259
330 449 507
332 333 470
332 483 368
333 335 490
333 499 890
334 335 153
336 482 695
336 379 329
337 339 287
337 459 143
338 413 497
338 415 470
339 341 646
339 450 782
340 341 951
341 342 569
341 362 795
341 482 422
342 344 402
343 465 593
343 419 17
344 345 171
345 346 775
346 348 206
347 348 11
347 349 429
349 351 690
349 474 887
350 351 980
350 451 794
351 438 833
352 481 517
352 486 731
353 355 883
354 443 763
354 495 890
355 394 689
356 357 462
356 419 49
356 495 619
357 358 490
357 359 316
358 360 964
358 414 338
359 471 240
359 378 321
360 361 710
360 459 505
360 461 46
361 362 808
361 441 23
362 368 80
362 492 617
363 365 517
363 442 86
365 468 192
366 414 426
366 387 113
367 369 223
368 370 455
368 378 271
370 371 188
370 372 780
372 374 511
373 374 208
376 377 932
376 460 690
378 380 140
378 439 930
379 380 512
380 381 924
380 382 784
381 383 43
382 383 909
382 384 893
383 473 912
384 385 626
385 386 306
385 387 315
386 469 78
387 388 621
387 442 340
387 447 769
387 422 627
388 422 727
388 426 318
389 391 952
389 406 205
390 391 612
391 392 193
391 393 834
392 394 16
392 426 429
393 394 465
393 395 579
394 395 930
394 496 856
395 396 177
395 397 860
395 455 702
396 397 848
396 421 118
397 398 371
397 399 207
398 400 583
399 400 325
400 402 134
401 425 671
401 437 4
402 403 228
402 404 327
403 404 881
403 421 979
404 405 2
405 407 138
406 477 862
406 481 346
407 431 968
407 416 289
410 450 402
411 413 696
412 432 706
416 417 858
417 480 271
418 420 974
418 428 278
419 421 136
420 454 551
423 424 449
423 425 814
424 425 62
425 426 492
425 427 21
426 427 873
426 480 766
427 429 557
427 487 396
429 431 357
431 432 709
431 433 611
432 434 104
433 434 738
434 436 442
434 452 448
436 437 872
438 439 501
438 499 384
440 441 288
441 443 957
443 445 962
443 472 207
444 446 238
445 446 842
445 447 611
447 448 991
447 449 162
448 449 295
449 450 309
449 456 220
450 452 927
452 453 824
453 455 277
455 456 847
457 458 413
457 483 111
458 459 723
458 460 261
460 461 706
460 462 330
461 484 246
462 463 306
462 464 475
463 464 429
464 465 569
464 487 26
465 467 183
465 469 883
466 494 706
467 468 456
467 469 316
471 473 252
473 475 452
474 476 417
477 491 935
478 480 100
479 480 636
479 481 948
482 484 502
483 484 15
484 485 779
485 486 915
488 489 58
488 490 947
489 490 113
492 493 329
493 495 169
495 496 95
497 498 419