0 2 758
0 578 810
0 75 181
0 558 242
1 579 833
1 402 845
1 184 98
1 290 358
1 541 709
2 81 609
2 328 502
3 5 365
3 377 911
4 5 254
4 6 713
5 204 126
5 431 319
5 458 680
5 560 222
5 76 724
6 8 3
6 229 710
7 445 498
7 338 600
7 361 875
7 403 746
7 238 80
8 10 843
8 329 769
8 314 446
9 10 959
9 289 37
9 197 415
9 101 396
10 12 737
10 35 935
10 45 805
11 12 454
11 196 703
12 14 405
12 269 659
13 14 261
13 482 612
13 351 324
13 396 801
14 15 831
14 16 32
15 345 809
15 84 672
15 395 868
15 448 639
16 17 677
16 316 185
17 112 758
17 411 533
17 189 236
17 329 137
18 20 503
18 124 990
19 21 209
19 80 921
20 123 24
20 246 257
20 231 540
21 22 784
21 23 475
22 24 23
22 62 624
22 90 597
22 573 317
23 231 748
23 397 851
24 25 797
24 26 701
24 121 884
25 27 866
25 479 259
25 135 73
25 253 759
25 240 45
26 27 352
26 28 948
26 489 878
26 205 875
26 461 727
26 546 970
27 29 164
27 92 709
27 89 258
27 569 240
28 29 362
28 385 101
28 343 431
29 568 704
29 244 127
29 392 834
29 147 729
30 31 358
30 32 876
30 338 545
31 33 495
31 493 947
32 33 381
32 82 186
33 482 63
33 39 865
34 35 260
34 41 922
34 331 442
34 324 611
34 263 439
35 37 589
35 269 716
35 415 777
35 46 491
36 447 243
36 406 990
36 357 987
36 136 921
37 346 85
37 294 385
37 84 227
38 39 287
38 40 546
39 219 888
39 151 669
39 577 71
40 42 187
40 570 797
40 153 267
41 257 280
41 297 526
41 144 204
42 43 842
42 44 616
42 285 222
42 115 305
42 317 68
43 45 498
43 505 774
43 344 555
44 45 49
44 46 819
44 219 471
44 433 110
45 523 56
46 47 297
47 48 324
47 502 896
47 547 802
47 367 132
48 61 354
48 510 848
49 138 881
49 450 531
49 199 355
50 51 188
50 366 447
50 208 974
51 53 531
51 532 534
51 299 861
51 390 369
51 424 566
51 505 815
52 53 896
52 54 911
52 410 640
53 54 992
53 62 968
53 76 79
53 258 899
54 55 429
54 443 912
55 57 846
55 578 268
56 58 833
56 525 406
56 173 801
56 304 266
56 451 717
57 211 112
57 465 58
57 287 973
58 60 201
58 380 580
58 80 114
58 122 454
58 462 490
59 60 343
59 194 569
60 294 712
60 416 55
61 62 173
61 270 955
62 64 776
63 65 655
63 313 670
64 66 701
64 161 255
64 392 642
65 560 518
65 391 47
65 531 283
66 385 362
66 262 577
66 428 272
66 146 204
67 159 186
67 406 126
68 69 292
68 379 886
68 156 492
68 77 630
68 567 132
69 70 711
69 494 925
69 495 93
69 426 403
69 79 986
69 400 409
69 420 163
70 173 922
70 382 826
71 274 702
71 407 47
71 286 706
72 74 205
72 261 140
72 315 450
72 576 599
73 75 906
73 487 722
73 440 684
73 562 229
74 75 136
74 467 500
74 272 564
75 77 699
75 548 49
75 335 616
75 401 954
76 77 794
76 78 953
76 99 95
77 111 427
78 437 419
78 137 984
78 544 308
78 405 26
78 102 861
78 570 992
79 526 315
80 245 892
80 392 983
81 82 294
81 83 230
81 367 428
81 212 654
81 491 559
82 217 959
82 184 82
83 113 663
83 192 855
85 86 278
85 87 926
86 88 372
86 192 171
87 88 4
87 396 942
87 168 737
87 524 253
88 89 954
88 90 51
88 125 82
88 128 600
88 385 521
89 175 148
90 355 634
90 369 901
90 99 433
91 228 102
91 343 650
92 93 42
92 510 968
93 564 671
93 503 263
93 426 124
94 96 602
94 485 201
95 96 288
95 97 920
95 549 956
96 98 881
96 429 854
96 233 341
97 98 652
97 412 82
97 204 924
98 384 278
98 333 865
98 396 501
98 106 78
98 197 365
100 321 907
100 444 202
100 267 322
100 517 210
101 102 868
101 501 692
102 178 357
103 104 824
103 305 590
103 275 712
103 312 488
104 247 381
104 209 716
105 107 93
105 517 681
105 254 196
105 275 206
106 107 732
107 108 435
107 183 494
107 540 808
107 552 303
108 135 379
108 285 66
109 473 964
109 253 845
109 428 128
110 111 320
110 112 678
111 112 962
111 340 722
111 249 946
111 478 645
112 113 989
112 220 6
112 241 803
112 169 28
112 425 752
112 477 116
113 114 231
113 220 702
113 523 644
114 116 698
114 396 992
114 158 376
114 528 238
114 131 771
115 282 293
115 134 503
116 118 902
116 421 418
117 118 805
117 119 357
117 374 234
117 395 515
118 120 294
118 494 888
118 342 703
119 120 500
119 323 267
119 393 902
119 187 324
120 121 573
120 351 965
120 534 413
120 186 371
120 145 888
120 314 77
121 122 34
122 123 3
123 124 479
123 125 108
123 129 477
124 512 385
124 568 436
124 298 133
124 466 208
125 157 415
125 319 185
126 128 211
126 508 699
126 177 296
127 128 972
127 129 71
127 282 825
128 130 787
128 498 399
129 131 199
129 178 84
129 235 35
129 412 541
130 349 426
130 176 247
130 538 490
131 551 429
132 390 794
132 279 155
133 355 731
133 219 657
134 436 519
135 471 184
135 164 870
135 181 6
136 289 541
137 397 878
137 278 626
138 140 163
138 292 218
138 433 968
139 495 980
139 399 549
139 480 586
140 233 386
140 550 829
140 345 586
141 169 333
141 426 932
141 208 127
141 280 668
142 143 189
142 144 675
143 145 480
143 245 542
143 382 669
143 432 870
144 145 372
144 219 877
145 146 669
145 363 974
145 190 371
146 211 949
146 262 762
147 148 986
148 388 180
148 418 717
148 193 647
149 150 943
149 151 837
150 303 885
150 216 908
150 421 737
150 446 889
151 153 989
151 286 361
152 245 812
152 277 35
152 471 405
153 154 49
154 155 414
154 302 960
154 400 311
155 202 269
155 330 638
155 300 432
156 457 616
156 188 373
157 512 639
157 453 869
158 160 810
159 160 501
159 291 702
159 527 497
159 508 300
160 161 868
160 457 354
160 485 27
161 162 297
161 454 862
162 505 194
162 539 999
162 542 892
162 321 311
162 301 972
163 404 632
163 551 535
163 301 959
163 406 670
164 224 935
164 293 988
164 326 261
164 479 162
165 166 62
165 167 190
165 321 750
165 493 924
166 465 861
166 453 678
167 185 827
167 525 442
168 170 527
168 484 735
169 170 63
169 171 923
170 171 341
170 172 21
170 483 318
171 172 468
171 173 822
171 203 513
171 353 330
172 174 372
172 487 440
172 427 871
173 175 540
173 532 783
174 392 286
174 478 741
174 357 925
175 291 299
175 269 44
176 177 826
176 211 757
176 362 225
176 414 387
177 373 763
177 358 835
178 381 747
178 544 684
179 180 829
179 181 303
179 341 447
179 378 983
179 278 848
180 517 288
180 230 628
180 562 265
180 539 713
181 182 746
182 183 998
182 567 408
183 454 770
184 502 395
184 428 243
184 417 483
184 303 909
185 199 558
185 550 238
185 222 12
185 383 141
186 187 960
186 188 178
186 469 112
187 188 58
187 485 674
187 339 467
188 189 436
188 487 848
188 232 14
189 190 66
189 266 457
189 422 20
189 286 967
190 191 804
191 193 113
191 453 753
192 193 547
192 194 743
192 488 613
193 194 734
194 195 83
194 196 237
195 197 434
195 297 285
196 197 955
196 198 368
197 498 502
197 281 305
198 199 982
198 200 386
199 200 436
199 201 566
199 442 404
200 201 86
200 202 569
200 320 358
201 248 634
201 220 969
201 259 82
202 204 856
202 466 222
203 205 397
204 568 30
205 315 547
205 549 147
205 419 40
206 208 203
206 552 389
206 384 478
206 236 620
207 208 770
207 248 661
208 209 763
208 434 280
209 210 731
209 211 99
210 212 788
210 379 919
211 212 986
211 243 799
211 351 564
212 213 411
213 214 663
213 215 336
214 215 508
214 216 847
214 299 642
215 304 761
215 469 501
216 533 781
216 341 842
217 218 331
217 219 697
217 527 521
218 219 565
218 220 541
218 235 691
219 548 938
219 277 605
219 561 444
220 222 59
221 222 329
221 223 692
222 224 452
222 528 341
222 381 222
222 497 969
223 225 948
223 444 919
224 225 174
224 226 672
224 264 230
224 269 46
224 507 27
225 226 534
225 438 359
226 227 432
226 361 349
227 228 607
227 229 329
228 549 213
228 300 434
228 325 891
228 573 726
229 454 994
229 527 170
230 232 696
231 245 150
231 409 669
232 233 146
232 322 91
233 440 947
233 291 936
234 235 870
234 240 441
234 570 656
234 245 60
236 375 705
236 337 147
237 239 414
237 526 321
237 436 533
238 299 53
238 245 61
238 550 363
239 240 721
239 372 857
239 247 520
241 243 592
241 456 594
242 244 183
242 292 659
243 576 660
244 357 195
244 528 19
245 247 423
245 384 875
246 248 139
246 397 997
246 398 62
247 248 495
247 478 253
248 250 44
248 481 263
248 296 254
249 250 387
250 251 670
250 294 715
250 367 504
251 533 88
251 283 155
252 254 758
252 459 576
253 555 999
253 369 878
254 256 732
255 256 610
255 437 632
255 345 424
256 415 576
256 309 488
256 300 708
256 352 609
257 297 750
257 397 339
258 441 35
258 270 572
259 522 888
259 379 519
260 262 163
260 327 189
261 566 247
261 350 148
263 466 914
263 401 756
263 499 277
264 454 720
264 484 39
265 266 942
265 567 54
265 464 105
266 527 100
266 380 952
267 268 668
267 574 963
268 269 813
268 270 524
268 436 204
269 271 657
270 362 425
271 273 378
271 458 980
272 273 128
273 274 510
273 275 787
274 275 369
274 276 948
274 366 299
276 277 393
276 555 674
278 279 872
279 280 832
279 404 731
279 342 610
280 281 210
280 413 476
281 282 744
281 579 936
282 283 800
283 309 790
283 516 269
284 285 894
284 408 84
284 436 894
285 287 438
285 467 861
285 500 56
285 403 319
286 411 991
287 288 340
288 290 351
288 361 991
288 469 3
289 320 980
290 466 216
290 353 781
291 473 69
291 457 455
292 293 508
292 294 423
292 319 144
292 409 434
293 295 829
293 558 747
294 301 261
294 448 501
294 385 308
294 443 831
295 296 318
295 348 263
295 460 467
296 298 638
297 518 524
297 477 35
298 299 673
298 300 250
298 346 127
301 455 358
302 312 201
302 520 817
303 484 248
303 430 273
304 305 709
305 306 673
305 307 275
305 554 974
305 313 658
305 547 334
306 307 207
306 363 271
307 309 863
307 571 382
308 309 279
308 493 205
309 462 795
310 312 763
310 315 222
310 369 153
311 312 139
311 313 673
313 314 487
314 529 509
315 317 825
315 413 273
316 317 235
316 442 835
317 518 916
318 320 8
318 428 366
319 320 469
319 557 555
320 321 297
321 323 333
322 517 511
322 575 539
323 381 521
323 521 85
324 325 851
324 406 67
325 327 510
326 453 944
326 387 148
326 431 128
327 425 230
327 443 519
327 333 905
328 329 556
328 467 454
329 465 172
330 331 288
330 332 495
330 492 807
331 333 88
332 333 761
332 334 251
334 335 515
334 336 321
335 337 343
336 337 113
336 338 367
336 367 293
336 421 544
337 402 957
337 475 420
339 340 800
340 341 699
340 342 315
341 521 423
341 349 774
342 344 995
342 369 9
343 344 538
343 392 728
344 346 795
344 572 698
344 429 806
345 346 921
345 525 501
346 455 339
347 349 528
347 383 976
347 371 134
348 350 557
348 465 666
349 545 969
349 354 878
350 352 483
350 573 685
351 493 587
351 536 411
352 353 46
354 355 237
354 422 398
355 357 817
356 357 95
356 358 786
356 563 609
357 442 592
358 479 768
359 490 917
359 503 87
360 361 670
360 407 897
361 363 546
362 363 201
363 365 406
364 522 502
364 373 767
364 507 527
364 481 692
365 366 711
365 386 210
365 385 528
366 520 730
366 377 787
368 369 826
368 474 996
369 464 885
370 448 379
370 447 847
371 373 412
372 374 634
373 375 436
374 376 368
375 377 461
375 567 558
376 377 111
376 378 177
376 435 285
377 379 841
377 462 938
377 384 600
378 380 374
380 381 915
380 579 96
381 383 338
382 383 75
382 482 596
382 492 716
383 384 999
386 388 453
387 521 791
388 389 480
388 459 306
389 390 648
389 391 858
390 392 312
391 393 697
391 545 828
392 452 908
393 395 39
394 396 59
394 462 276
394 504 664
395 460 172
396 532 260
397 552 829
398 572 606
399 401 976
399 426 40
400 401 64
402 403 607
402 404 890
402 541 680
403 441 623
404 471 507
405 406 315
405 407 949
407 478 861
408 410 615
408 480 980
408 468 11
409 457 572
410 567 918
410 513 723
411 413 923
412 534 866
414 415 702
415 417 508
416 417 163
416 486 109
417 418 829
417 419 66
418 419 97
418 575 428
419 420 579
419 546 102
420 495 4
421 504 759
421 495 339
422 537 945
423 424 602
423 425 188
423 545 378
424 426 877
425 570 446
425 486 822
426 521 461
427 428 659
428 529 82
429 430 221
430 431 239
432 577 843
434 578 791
434 573 505
435 437 937
435 497 167
436 523 163
437 439 468
437 554 202
438 439 822
438 440 418
439 440 139
439 441 581
440 441 165
440 490 898
441 443 230
441 531 243
443 444 268
444 446 269
444 465 422
444 526 767
445 447 384
445 455 575
446 447 926
446 448 89
447 449 820
447 500 756
448 450 854
449 450 990
449 451 276
449 459 336
450 452 181
451 518 455
452 537 951
453 454 186
453 455 810
454 455 346
454 456 655
455 457 854
456 458 558
456 484 6
458 460 443
459 460 699
460 462 521
461 462 20
462 463 169
463 465 337
463 476 761
465 467 433
466 467 1
467 469 200
468 469 603
469 542 551
470 472 376
470 517 187
471 473 903
471 500 610
472 473 808
472 474 84
473 475 567
474 490 488
474 544 131
475 477 988
475 575 376
476 477 751
476 499 104
477 532 550
478 479 633
479 480 689
480 499 380
481 482 524
482 572 84
483 485 927
483 502 252
485 486 615
485 562 217
486 495 902
486 526 778
487 488 877
487 489 676
488 490 196
488 507 429
489 535 984
490 492 504
491 507 259
494 496 864
494 553 425
496 497 845
496 498 425
496 508 221
498 574 713
499 516 794
500 502 51
501 556 819
501 515 968
503 505 355
504 543 873
505 507 941
505 514 88
506 508 893
506 544 780
509 510 557
509 511 304
510 511 750
510 532 633
511 512 847
511 513 698
512 514 906
513 514 231
513 566 636
514 528 578
515 516 19
515 517 789
516 571 5
517 518 532
518 520 3
519 520 851
519 521 133
520 522 314
520 555 240
522 523 374
522 524 477
522 559 790
524 525 519
525 527 106
528 530 936
530 531 867
530 532 24
531 533 797
533 534 962
533 535 759
534 536 702
535 536 823
535 537 827
536 537 696
537 538 277
538 539 704
540 542 62
540 551 261
543 571 5
546 565 433
548 549 848
548 550 273
550 563 538
552 554 901
553 555 985
556 558 806
557 558 971
559 561 329
560 562 359
561 562 720
563 568 266
564 565 9
564 566 289
565 576 139
566 567 345
567 568 752
569 570 56
571 572 512
571 573 363
572 574 863
573 575 607
574 575 522
576 577 923
577 578 463
577 579 808