0 59 18
0 15 887
0 46 253
1 3 62
1 11 318
1 44 494
2 3 774
2 20 785
2 28 767
3 5 368
3 18 326
3 32 882
3 44 793
3 56 737
4 5 134
4 12 743
4 58 29
5 6 598
5 7 48
5 29 668
5 23 834
5 51 778
6 25 808
6 24 852
7 17 263
7 40 786
7 51 101
7 59 222
8 9 953
8 10 657
8 43 980
9 10 727
9 56 751
9 41 533
10 25 356
10 59 188
11 13 630
11 49 550
11 35 861
11 57 121
12 29 321
13 14 868
13 58 126
14 15 278
14 35 911
15 17 549
15 52 89
16 17 973
16 18 943
17 34 409
17 23 886
18 20 971
18 21 680
19 21 577
19 47 114
19 25 115
20 21 410
20 22 255
20 52 276
21 22 40
21 43 12
21 35 336
22 23 791
22 24 110
22 27 534
23 39 237
23 50 825
24 26 393
24 50 438
25 27 266
25 54 579
25 48 916
26 27 70
26 28 695
27 58 406
27 54 276
28 29 785
29 31 258
29 46 519
30 32 30
30 52 964
31 33 544
31 48 804
31 39 591
32 34 534
33 34 805
33 59 842
33 49 225
34 50 800
34 37 879
34 46 177
36 37 26
36 38 707
36 46 942
37 39 308
38 39 297
38 40 739
38 57 632
39 59 75
40 51 398
40 50 703
41 52 229
41 47 93
42 49 87
42 55 252
43 44 271
44 55 273
45 46 159
45 47 190
47 54 264
48 49 720
48 53 596
49 50 76
50 51 983
52 56 470
53 55 722
54 56 456
54 58 457
55 57 542
56 57 806