0 352 301
0 142 154
1 2 602
1 3 673
1 979 988
1 830 54
2 192 940
2 549 469
3 872 943
3 696 281
4 5 602
4 6 208
4 53 719
5 808 546
5 477 373
5 262 673
6 7 955
6 646 106
6 170 290
7 9 492
7 748 385
7 655 757
7 140 586
8 9 191
8 544 119
8 195 524
8 10 205
9 10 690
9 11 383
9 632 817
10 11 142
10 88 766
10 566 545
10 36 846
10 344 301
10 490 624
11 507 149
11 741 623
11 315 784
12 14 979
12 592 713
12 212 463
12 169 994
13 15 13
13 834 804
13 683 992
14 419 526
14 424 576
14 588 269
14 22 821
14 146 755
14 609 938
15 808 196
15 890 923
16 18 545
16 592 143
16 460 880
17 19 680
17 286 769
17 882 555
18 20 137
18 625 781
18 534 279
19 723 12
19 881 88
19 423 824
19 165 781
20 675 771
20 809 237
21 271 99
21 659 561
21 70 796
21 536 445
22 771 886
23 25 144
23 550 912
23 321 480
23 797 670
24 26 543
24 803 33
24 589 612
25 136 842
25 385 53
25 484 381
26 28 373
26 744 285
26 600 400
26 880 324
27 867 10
27 694 234
27 49 705
28 30 582
28 944 297
29 30 588
29 249 726
30 31 632
30 493 907
30 866 604
31 858 253
31 864 895
31 665 127
32 265 285
32 105 701
32 796 644
32 886 353
33 45 245
33 77 760
33 362 874
33 827 877
33 667 84
33 954 835
34 607 8
34 551 347
34 355 809
34 620 964
35 36 907
35 37 349
36 884 321
36 872 235
37 39 85
37 469 812
37 867 419
38 39 144
38 583 794
38 151 38
39 424 687
39 890 966
39 840 127
39 90 934
39 642 368
40 42 947
40 617 720
40 152 197
41 428 56
41 133 996
41 705 680
42 44 753
42 338 593
43 44 376
43 45 768
43 277 131
43 717 339
43 53 555
44 850 588
44 753 98
44 326 523
45 46 842
45 47 216
45 92 631
45 723 286
46 48 696
46 877 934
47 241 632
47 825 669
47 191 300
48 49 208
48 50 861
49 50 229
49 51 143
50 840 602
50 719 616
50 100 149
50 260 61
51 745 12
51 372 300
51 405 601
51 496 271
52 53 601
52 911 379
54 68 897
54 200 793
54 177 488
54 582 830
54 746 737
55 237 585
55 411 461
55 665 736
56 58 84
56 707 591
56 99 777
57 58 839
57 862 291
57 252 876
57 556 714
58 763 678
58 751 99
59 61 464
59 781 255
59 546 456
59 927 209
60 62 162
60 283 311
60 553 801
61 63 884
61 457 473
61 572 644
61 567 927
62 133 594
62 384 369
63 64 3
63 65 22
63 260 941
63 391 627
64 164 263
64 416 401
65 67 119
65 439 447
65 413 40
66 68 960
66 398 706
66 977 708
67 69 663
67 71 17
68 961 945
68 823 795
68 978 161
68 250 730
69 97 166
69 562 568
69 131 674
70 943 778
70 178 118
71 72 443
71 556 480
72 390 513
72 221 585
73 75 42
73 785 909
74 911 427
74 134 114
75 76 900
75 77 445
75 886 32
76 403 176
76 536 61
76 144 357
77 79 572
77 124 448
78 365 295
78 967 712
78 319 214
79 80 182
79 409 505
79 92 258
80 221 932
80 318 91
81 83 755
81 581 414
82 84 814
82 124 752
82 389 801
83 85 316
83 926 526
83 122 20
84 86 58
84 381 635
84 778 122
84 829 722
84 883 456
85 334 61
85 314 985
85 585 634
85 743 936
85 605 98
86 821 228
86 669 734
86 222 976
87 88 5
87 183 425
87 801 243
87 722 576
87 226 480
88 100 478
88 225 193
88 347 74
88 241 200
88 654 856
88 959 563
89 310 359
89 972 445
89 895 175
89 379 349
89 617 677
89 741 562
90 822 149
91 92 489
91 215 488
91 558 729
91 341 225
91 543 113
92 283 197
92 669 62
93 95 426
93 619 807
93 728 754
93 336 246
94 95 498
94 383 41
94 954 284
94 105 674
94 339 710
94 976 36
95 97 868
95 823 906
95 371 732
96 97 109
96 98 869
96 119 165
97 98 499
97 99 673
98 99 288
98 100 549
98 110 632
98 367 101
98 506 280
98 606 170
98 703 229
99 276 160
99 915 931
100 891 947
101 102 368
101 768 407
101 424 660
102 305 646
102 313 350
102 676 423
103 145 68
103 484 140
103 223 202
103 833 420
104 105 158
104 106 984
104 316 869
105 672 336
106 139 738
106 746 1
106 783 693
106 910 905
107 108 658
107 657 130
108 583 443
108 775 67
109 632 391
109 697 388
110 936 694
110 247 714
110 407 663
110 507 823
111 200 288
111 753 28
111 929 552
111 320 14
112 457 186
112 341 242
112 406 203
113 152 415
113 506 899
114 115 950
114 116 82
115 116 589
115 117 541
116 117 29
116 801 776
117 118 495
117 119 694
117 507 195
117 572 2
118 706 455
118 305 451
119 599 379
119 483 934
120 122 566
120 825 570
120 405 57
121 122 790
121 123 894
121 247 775
122 914 219
122 476 708
123 125 132
123 191 522
123 464 762
123 974 234
124 901 903
124 172 409
124 373 115
125 127 29
125 491 880
125 788 995
126 127 937
126 687 761
126 472 298
126 508 26
127 129 744
127 556 459
127 893 129
128 599 860
128 499 509
128 295 223
128 777 192
129 131 876
129 913 346
129 860 35
129 940 669
130 132 559
130 889 788
131 132 220
131 133 496
131 181 216
131 336 627
132 133 12
132 492 91
132 579 815
133 869 779
134 135 189
134 263 300
134 771 705
134 191 459
135 433 136
135 569 901
135 557 811
136 138 877
136 529 488
136 172 974
136 734 459
137 397 304
137 145 754
137 312 55
138 140 780
138 356 444
138 365 674
139 140 157
139 566 435
139 595 299
139 637 654
140 674 145
141 306 65
141 932 601
142 144 19
142 171 664
142 721 191
143 144 807
143 145 816
144 145 456
144 313 12
145 970 743
145 916 54
145 474 787
146 147 931
147 148 170
147 495 470
147 340 721
148 149 935
148 387 354
148 398 555
148 525 613
148 814 301
149 150 311
149 538 696
149 861 408
150 426 292
150 275 569
151 153 928
151 741 35
151 289 64
152 401 427
152 970 498
153 154 799
153 479 339
153 672 802
153 681 816
153 380 757
153 188 841
154 155 682
154 444 740
154 157 277
154 488 160
155 581 190
155 165 988
156 158 587
156 411 555
157 865 482
157 699 833
158 333 966
158 425 868
158 548 53
158 708 741
158 933 967
159 160 927
159 273 691
159 182 449
159 905 787
160 162 154
160 579 396
160 835 620
160 819 998
161 163 449
161 335 230
161 586 272
161 793 826
162 163 46
162 216 562
162 628 307
163 462 602
163 850 623
163 950 534
163 268 156
163 235 177
164 166 767
164 245 25
164 596 363
165 166 645
166 167 854
166 168 419
166 759 62
166 766 979
167 752 213
167 441 940
167 448 720
168 169 107
168 170 100
169 170 464
169 930 4
170 746 331
170 724 459
171 172 479
171 173 234
171 701 831
172 183 607
173 174 794
173 587 726
173 223 598
174 175 75
174 658 422
174 276 971
175 177 202
175 825 137
176 177 879
176 178 997
177 179 533
177 211 245
177 509 220
177 650 823
178 769 509
178 627 411
179 180 967
179 181 358
180 181 429
180 182 113
180 467 228
181 358 45
181 811 514
182 401 601
182 518 314
182 195 710
182 660 434
183 919 509
183 914 954
184 186 88
184 790 954
184 369 312
185 235 726
185 610 869
185 356 980
186 188 176
186 227 929
187 188 500
187 324 553
187 651 245
187 906 518
187 797 250
188 485 109
189 191 148
189 713 906
189 879 414
190 209 424
190 650 637
191 824 527
192 193 35
192 455 499
192 662 397
193 469 515
193 223 467
193 325 804
193 433 241
194 195 206
194 576 949
194 831 977
194 924 23
195 342 138
196 198 936
196 905 31
196 853 568
197 199 727
197 295 75
197 356 58
197 689 323
198 199 990
198 200 299
199 565 799
199 483 58
199 577 176
199 278 835
199 419 751
200 202 752
201 698 634
201 908 915
201 969 166
201 611 763
202 203 698
202 210 433
202 657 271
202 890 694
203 204 502
203 467 218
204 813 570
204 388 893
204 847 967
205 206 388
205 367 388
206 208 977
206 401 823
207 209 645
207 636 940
208 209 231
208 210 260
208 836 609
208 800 675
209 210 767
209 348 104
209 266 339
209 732 663
210 555 472
211 449 203
211 876 583
211 229 178
211 690 788
212 268 718
213 215 747
213 681 921
213 478 849
213 761 645
214 427 268
214 752 33
215 795 806
215 353 792
215 600 699
216 940 499
216 687 243
217 727 948
217 404 703
218 220 347
218 683 525
218 401 182
218 672 874
219 912 497
219 831 433
219 369 853
219 712 662
220 221 536
220 222 915
221 222 392
221 958 781
221 557 967
222 223 216
223 225 770
224 609 689
224 321 667
225 227 475
225 777 571
225 874 149
226 227 949
227 564 427
227 438 53
228 449 274
228 859 884
229 735 910
229 341 73
230 232 227
230 635 423
230 692 92
231 232 93
231 532 872
231 729 773
231 323 65
232 233 375
232 234 131
233 234 198
233 823 305
234 236 133
234 952 79
235 236 869
236 237 631
236 238 102
236 438 113
236 680 649
236 695 703
236 713 796
237 239 169
237 537 33
238 757 838
238 799 576
239 241 960
239 802 659
240 962 88
240 383 420
240 784 331
241 242 896
241 243 664
241 688 729
242 764 622
242 887 247
242 505 820
242 768 64
242 909 448
243 244 797
243 245 40
243 898 790
243 499 815
244 706 909
244 546 875
245 587 918
245 262 253
245 616 718
246 506 776
246 822 269
246 904 142
246 741 503
246 408 437
247 575 598
247 812 36
248 249 938
248 811 921
248 570 929
249 250 845
249 758 696
249 398 146
249 480 684
249 538 844
250 910 919
250 754 6
250 491 831
251 253 236
251 299 537
252 253 371
252 752 261
253 254 63
253 255 645
254 396 51
254 877 446
254 259 497
255 257 296
255 486 123
255 693 793
256 593 13
256 638 291
257 258 362
257 259 242
257 397 943
258 259 913
258 392 973
258 973 651
259 261 590
259 457 876
259 337 832
259 430 703
259 871 390
260 696 237
261 262 771
261 263 362
262 959 692
262 613 864
262 467 347
263 458 382
264 661 285
264 669 774
265 267 634
265 536 561
265 597 416
266 267 127
266 268 628
266 514 710
266 950 860
267 569 49
267 419 271
267 836 293
268 726 728
268 847 881
268 300 743
269 271 644
269 443 926
270 520 310
270 711 609
270 513 743
271 272 912
271 348 867
271 860 426
272 273 533
272 274 545
273 274 49
273 677 798
274 276 715
274 944 927
274 458 699
275 276 643
275 277 364
275 802 789
275 334 115
276 857 489
276 824 113
276 377 364
276 387 302
276 696 968
277 979 289
278 439 344
278 317 208
279 590 203
279 713 681
280 723 958
280 958 436
281 900 557
281 777 832
281 431 55
281 892 647
282 284 472
282 732 36
282 304 914
282 497 716
283 285 757
284 394 449
284 533 263
284 465 432
284 638 360
285 771 515
285 608 317
285 778 399
286 287 819
286 445 221
287 342 378
287 944 726
288 290 305
288 951 734
289 570 873
290 292 240
290 360 360
290 768 997
290 652 253
290 809 486
291 292 603
291 321 390
292 294 911
292 836 448
292 436 100
293 914 354
293 884 7
294 295 653
294 902 407
295 296 99
295 920 721
296 297 53
296 446 294
296 335 369
296 402 130
297 685 132
297 424 202
298 299 671
298 300 241
299 970 218
299 601 924
299 518 748
299 870 422
300 301 182
301 302 394
301 303 323
301 323 655
301 520 439
302 303 389
302 794 584
303 305 635
303 865 940
304 568 238
305 306 186
305 426 668
305 806 407
306 307 619
306 709 76
306 860 652
307 309 808
307 592 813
307 567 965
308 310 742
308 359 554
308 656 55
309 310 589
309 789 377
309 512 916
310 367 280
310 879 93
310 438 338
311 312 313
311 313 626
311 446 526
311 585 9
312 381 304
313 677 100
313 731 132
314 846 68
315 788 276
315 581 92
315 688 865
315 457 982
316 317 348
316 923 564
317 884 987
317 510 976
318 417 484
318 488 223
318 828 522
318 864 532
318 946 888
319 320 140
319 339 431
320 737 910
320 841 932
321 749 263
321 527 59
321 720 826
322 324 395
322 945 136
323 496 4
324 746 418
324 925 11
325 558 837
325 425 418
326 657 369
326 436 565
327 329 717
327 640 763
327 412 114
327 866 921
327 349 717
327 469 948
328 606 694
328 402 766
328 521 453
329 330 215
329 891 139
330 331 435
330 332 340
331 332 893
331 333 107
331 498 582
332 333 127
332 334 98
333 880 446
333 809 698
334 886 571
335 337 105
335 473 341
336 913 836
337 339 537
338 514 806
338 530 581
339 679 823
339 947 831
340 341 554
340 342 427
340 561 254
341 342 605
341 564 688
341 698 210
341 582 627
342 343 924
342 638 460
343 344 66
343 647 689
344 345 661
345 346 83
345 406 162
345 844 410
345 623 618
345 366 29
345 805 693
346 348 599
346 403 169
346 575 864
347 512 329
348 413 741
348 487 220
349 718 236
349 861 891
349 873 900
350 666 708
350 749 961
351 353 748
351 444 87
351 976 223
352 354 652
352 738 98
352 764 606
353 354 235
354 355 550
354 356 763
354 938 325
355 357 196
355 498 616
356 620 892
357 358 989
357 385 680
358 360 864
358 380 757
359 360 421
359 361 376
360 361 743
360 636 916
360 742 794
361 362 231
361 395 30
361 866 656
362 524 89
362 670 901
362 852 588
363 364 708
363 843 727
364 934 980
364 490 114
364 673 514
364 898 873
365 892 463
365 708 664
366 848 523
367 369 772
367 706 319
368 742 366
368 517 5
369 636 951
369 534 967
370 371 956
370 372 27
371 657 770
372 969 396
373 374 502
373 786 600
374 584 16
374 462 747
374 858 839
375 376 428
375 923 547
376 419 902
376 534 790
377 378 85
377 585 863
377 537 211
378 379 446
378 728 848
378 931 704
379 380 945
380 739 799
380 825 984
380 494 531
381 382 697
381 383 817
381 808 213
382 383 224
382 480 186
382 477 510
383 863 298
384 419 792
384 929 545
384 411 950
385 857 341
386 387 371
386 388 985
386 611 925
386 788 618
386 530 157
387 779 18
387 883 707
388 456 263
388 537 127
389 659 596
389 879 996
390 392 193
390 715 73
391 396 562
391 397 278
392 393 326
392 394 155
393 519 888
393 596 437
393 821 703
393 533 434
394 396 110
394 833 57
395 534 973
396 432 921
396 920 591
397 533 900
397 545 319
398 400 612
399 758 996
399 606 913
399 692 845
400 401 682
400 402 976
400 934 102
400 710 157
401 769 891
401 441 383
403 405 960
403 520 757
404 955 751
404 920 252
405 416 987
407 765 830
407 837 660
408 609 826
409 411 275
409 583 114
409 651 910
410 411 921
410 554 380
411 681 120
412 414 780
413 659 146
414 415 13
414 416 885
415 416 104
415 854 557
415 666 850
416 417 145
416 612 271
416 505 628
416 927 233
417 419 158
417 618 378
417 563 696
417 670 818
418 419 554
418 420 85
418 874 179
419 420 128
420 427 247
420 647 505
420 731 349
421 423 786
421 570 444
421 791 291
422 424 645
422 879 521
423 424 740
423 831 433
424 537 191
425 426 379
425 974 853
425 504 645
426 428 948
427 428 621
427 859 409
428 734 331
428 751 950
428 790 241
428 476 824
428 965 368
429 430 171
429 505 35
429 762 701
430 866 979
431 644 896
431 569 628
431 934 649
432 722 799
432 943 695
432 814 80
433 434 322
433 519 162
434 436 12
434 622 308
435 436 941
435 437 172
435 842 646
436 510 282
436 745 582
437 438 138
437 744 737
438 705 477
439 441 326
439 574 3
440 442 52
440 472 491
441 801 144
442 443 567
442 444 581
443 444 854
443 445 105
443 463 356
444 945 672
444 757 467
444 896 87
445 446 182
445 447 645
445 945 273
446 625 993
446 461 38
446 695 877
447 448 34
447 889 683
447 610 460
448 449 927
448 450 650
448 633 738
448 725 748
448 811 592
449 587 897
449 919 92
450 452 556
450 853 183
451 452 60
451 752 792
451 594 835
452 454 241
452 495 972
453 454 608
453 455 777
454 455 984
454 456 863
455 728 235
455 815 541
455 906 610
456 457 718
456 458 24
456 750 254
456 790 330
457 458 201
458 860 404
458 878 340
459 461 851
459 710 34
459 683 554
459 610 494
460 779 837
461 630 655
461 479 852
462 464 337
463 464 898
463 580 62
463 635 700
464 465 731
465 771 533
466 764 489
466 760 414
466 770 44
466 783 869
466 686 696
466 756 245
467 880 500
468 470 773
468 652 675
469 603 437
469 662 697
470 471 481
470 472 119
470 622 767
470 855 791
471 602 688
471 706 961
471 648 639
471 787 212
472 586 323
472 956 780
473 474 339
473 475 552
474 475 502
474 774 714
475 477 919
475 551 429
477 566 495
478 480 34
478 612 406
478 702 981
479 749 905
479 748 994
480 481 987
480 685 998
480 482 337
480 839 267
480 899 231
481 482 554
481 905 796
481 953 853
481 493 910
482 892 609
483 485 836
484 486 841
484 669 775
485 487 573
485 609 821
485 707 523
485 904 216
485 944 85
486 487 686
486 488 33
486 794 343
487 570 474
487 724 580
488 598 509
489 569 758
489 946 583
490 582 294
490 605 651
490 814 474
491 969 319
491 602 69
492 705 32
493 495 328
493 600 264
494 495 43
494 536 605
494 542 106
495 497 30
496 497 637
496 608 89
497 572 160
498 880 802
498 817 512
499 500 43
499 783 648
500 768 307
500 736 99
500 885 664
500 881 598
501 502 710
501 503 473
501 750 453
502 503 86
502 701 391
503 750 293
503 611 440
504 723 306
504 519 985
505 692 234
506 507 427
506 577 443
506 813 996
508 509 390
509 511 949
510 511 272
511 512 243
511 888 792
512 513 156
512 514 474
512 579 546
512 554 222
513 514 132
513 731 93
514 515 701
515 516 256
515 840 369
516 517 799
516 627 220
516 757 163
516 746 119
517 518 407
517 571 709
518 862 735
519 540 734
520 521 728
521 603 842
521 856 973
521 741 886
521 843 735
522 523 332
522 524 314
523 525 264
523 835 261
523 668 536
524 526 208
525 527 110
526 527 973
526 687 371
527 884 56
527 773 457
528 529 476
528 530 403
528 689 637
529 530 445
529 719 525
529 918 871
529 798 942
530 898 815
531 532 885
531 533 353
531 733 237
532 708 717
534 641 397
535 536 941
535 755 991
536 537 421
536 975 629
537 831 420
538 575 873
539 541 554
539 727 680
540 541 932
540 542 734
541 543 718
541 871 709
542 733 175
543 879 692
544 546 658
544 623 834
545 547 131
545 609 423
546 548 793
546 921 103
547 548 441
547 715 599
547 895 840
548 549 675
548 648 904
548 715 730
548 730 508
549 550 425
549 872 443
549 782 73
550 625 381
550 697 925
550 723 24
551 553 304
551 849 177
552 553 681
552 554 566
552 973 396
552 940 484
553 555 177
553 678 211
554 722 751
554 821 167
555 556 313
555 777 881
556 968 923
556 663 439
556 619 835
557 748 465
558 560 155
559 560 344
559 561 845
559 863 194
560 561 571
560 965 284
561 730 649
562 564 561
563 686 762
564 566 620
565 967 759
565 681 524
566 957 620
568 569 412
568 570 15
568 825 715
569 570 393
570 571 620
571 572 71
571 573 580
571 868 441
572 716 689
573 574 188
573 575 166
574 575 618
574 576 656
574 827 491
575 577 30
576 978 708
577 772 639
577 888 876
578 579 472
578 580 506
578 875 679
578 684 975
579 591 95
580 581 624
581 695 98
581 625 510
583 585 500
584 651 294
584 910 120
586 588 939
587 589 613
588 589 219
588 700 877
589 591 263
590 591 801
590 592 557
591 592 337
591 593 566
592 593 53
592 701 298
592 653 576
593 594 7
593 595 936
594 738 306
595 857 837
596 657 903
597 598 108
597 779 621
597 893 261
598 761 307
599 601 900
600 914 544
601 603 984
602 604 362
603 605 838
603 759 990
603 604 721
604 605 514
605 713 407
607 866 454
607 913 156
608 682 968
609 732 107
609 673 68
611 649 193
612 975 468
613 927 882
613 762 709
614 615 907
614 616 699
614 806 792
615 868 924
615 639 895
615 929 187
616 878 515
616 829 733
617 618 136
617 964 374
618 620 937
618 967 759
619 620 892
619 892 424
620 696 535
620 919 848
621 622 510
621 623 46
622 826 538
622 718 397
623 898 384
624 625 573
624 809 785
626 627 711
626 628 17
628 813 899
628 773 339
629 630 530
629 757 207
629 687 144
630 945 93
630 954 558
631 632 164
631 633 161
632 633 788
633 635 114
634 635 122
634 737 777
635 839 22
636 638 606
637 682 698
637 968 22
638 639 131
639 910 218
639 702 937
639 652 699
640 641 250
640 662 111
640 809 549
641 882 32
641 957 869
642 793 797
643 644 975
643 645 446
643 775 874
644 912 423
644 682 146
644 680 191
645 646 688
645 656 336
646 667 631
646 685 825
647 862 359
647 941 496
647 884 120
648 649 257
649 693 49
650 964 188
650 965 285
652 653 742
652 867 680
653 654 341
653 817 863
654 655 358
655 657 411
656 658 205
657 659 139
658 660 682
659 661 354
659 840 691
659 680 161
660 683 233
660 686 175
661 662 711
661 919 551
662 826 785
663 665 444
664 666 424
664 714 274
665 666 425
666 667 250
666 668 23
667 668 814
667 849 784
668 669 141
669 737 554
670 852 436
670 743 696
670 763 953
671 673 83
671 696 820
673 675 490
673 770 591
674 675 533
674 676 297
675 712 974
675 889 236
676 869 279
677 738 82
678 680 812
678 793 611
679 681 188
680 969 349
682 961 624
682 742 540
684 742 611
685 687 42
687 688 151
687 819 188
688 690 771
690 845 798
690 922 857
691 692 23
691 693 65
692 693 417
693 771 73
693 911 359
694 696 502
697 712 571
697 942 406
698 835 747
699 700 286
699 701 823
700 701 961
700 702 576
701 703 141
701 761 612
703 704 744
704 705 602
704 706 228
704 847 32
705 706 282
706 962 702
707 709 361
707 823 182
708 897 61
709 851 971
710 943 329
711 712 601
711 713 358
712 936 325
713 803 606
714 715 236
714 910 493
715 818 364
715 949 539
715 895 694
716 718 366
717 719 866
718 719 624
719 721 464
719 781 637
720 721 272
720 846 234
720 848 837
721 722 369
722 724 850
723 899 630
724 726 878
725 727 459
726 727 215
726 762 467
727 728 406
727 947 851
727 796 842
728 730 537
729 731 431
729 917 33
730 731 47
730 751 629
732 733 971
733 735 929
734 874 128
734 846 388
735 736 906
735 737 822
735 870 821
736 738 547
737 739 286
738 739 75
738 740 809
739 741 332
740 742 218
740 918 700
742 743 731
742 744 334
742 912 854
743 744 125
743 858 164
744 745 305
744 746 92
744 891 687
745 746 831
745 765 772
746 759 334
746 786 531
746 844 605
747 749 298
747 914 883
748 749 819
749 843 191
752 851 144
752 969 591
753 755 384
754 756 53
754 895 473
755 756 680
755 757 793
756 885 848
757 869 107
758 800 866
759 761 219
760 979 316
760 765 212
760 840 696
762 891 165
763 764 149
763 939 45
764 765 267
764 853 297
764 952 616
765 767 26
766 767 734
767 768 833
767 818 735
769 771 273
769 804 307
769 901 575
771 963 496
771 880 143
772 948 672
772 860 248
774 959 508
775 777 610
776 777 729
776 836 140
777 828 120
780 781 281
780 782 729
781 783 870
782 973 987
784 959 276
785 786 635
785 925 43
785 946 978
787 929 108
789 791 658
790 857 834
791 792 244
792 794 446
792 802 695
794 881 90
795 797 474
795 947 316
796 808 190
796 824 758
797 799 433
797 959 955
798 799 259
798 865 697
799 801 319
799 803 976
800 801 470
802 804 260
802 978 26
803 859 520
804 805 669
805 937 204
805 812 992
806 962 611
807 808 964
807 809 936
808 827 595
809 904 976
810 811 671
810 812 717
811 812 555
812 937 50
813 815 352
815 830 893
816 818 623
816 856 352
817 944 842
818 820 726
820 822 154
820 861 744
820 943 663
821 823 295
822 824 855
826 827 122
830 858 207
832 833 199
832 911 320
833 834 719
834 835 448
834 836 706
834 941 942
835 837 980
836 864 246
837 838 458
838 839 555
838 840 645
839 840 739
841 842 355
841 843 365
842 891 720
843 844 415
845 846 988
845 847 618
848 849 709
848 926 942
849 851 113
850 852 45
851 853 502
852 854 650
854 856 649
855 890 131
856 858 226
857 858 627
857 859 208
858 879 308
859 861 97
859 909 539
861 917 544
862 864 181
862 942 858
863 864 115
864 865 114
865 866 362
868 869 337
868 951 83
869 870 454
869 871 882
869 970 554
871 872 707
872 874 721
872 916 433
873 874 202
875 877 757
876 906 28
877 879 714
878 879 841
880 881 155
880 958 193
882 884 637
882 951 100
883 900 776
885 886 283
885 887 22
886 898 420
887 889 241
888 889 714
888 890 629
889 891 385
894 895 388
894 896 86
896 968 409
897 898 550
899 900 196
900 902 954
902 903 450
902 904 758
903 905 801
903 948 889
903 963 771
907 908 319
907 909 1
908 910 796
909 910 553
910 911 224
911 912 604
912 914 468
913 976 481
914 968 643
915 916 189
916 917 837
918 919 321
918 920 801
920 922 353
921 923 819
922 923 318
923 961 401
924 925 152
924 962 249
926 970 744
928 929 760
928 930 897
930 932 639
931 932 996
932 933 597
932 975 293
932 949 459
933 934 122
935 936 353
935 937 439
935 941 663
937 939 337
938 940 651
939 940 712
942 943 987
942 944 803
943 974 988
946 947 958
948 950 591
952 953 807
953 955 637
955 956 98
955 957 860
956 958 115
960 961 783
960 962 644
961 963 129
964 965 983
966 967 263
966 968 678
967 968 674
967 969 929
968 970 592
969 971 308
970 972 922
971 972 3
971 973 550
972 974 109
977 978 946
978 979 835