0 1 475
0 276 408
0 516 295
1 2 201
1 3 894
1 799 619
1 576 496
2 4 88
2 567 814
2 103 168
3 4 941
3 229 245
3 101 763
3 277 533
3 483 597
4 59 789
4 352 17
4 444 825
4 71 146
4 326 974
4 594 534
5 543 489
5 115 176
5 313 864
5 199 555
5 364 757
5 388 860
6 7 242
6 265 467
6 643 74
6 355 507
6 316 206
7 8 115
7 94 156
7 640 226
8 9 448
8 361 422
8 714 522
8 537 290
9 10 806
9 11 2
9 736 878
10 787 981
10 578 106
10 518 526
10 499 745
11 12 687
11 13 820
11 371 492
12 389 50
12 622 381
13 410 563
13 31 969
13 73 182
13 76 75
14 15 26
14 716 951
14 707 972
15 16 148
15 17 740
15 228 477
16 17 665
16 18 597
16 412 825
17 18 745
17 565 810
17 552 858
18 411 347
18 520 402
19 20 258
19 319 163
19 799 755
20 21 530
20 22 625
20 69 731
20 496 190
21 22 736
21 145 16
21 611 227
21 173 538
21 791 481
22 23 188
22 239 408
22 508 144
23 25 245
23 450 914
23 87 565
24 25 609
24 429 39
24 700 722
25 27 857
25 376 431
26 208 88
26 660 93
26 454 192
26 719 449
27 28 859
27 290 833
28 294 424
28 532 78
29 30 957
29 31 298
30 32 920
30 723 977
30 289 24
30 607 10
31 32 686
31 324 693
31 658 335
32 33 418
32 34 640
32 269 245
32 696 918
33 714 309
33 305 335
34 35 853
34 348 646
34 582 108
34 214 651
34 444 989
35 36 960
35 138 14
35 415 909
35 355 634
36 437 312
36 683 967
36 450 895
37 38 194
37 39 2
37 791 148
38 40 574
38 738 472
39 41 376
39 330 362
39 732 32
39 275 329
39 664 986
40 41 764
40 42 701
41 606 867
41 120 939
41 705 124
42 340 676
42 502 915
43 719 402
43 78 54
44 579 118
44 799 820
44 379 506
45 46 487
45 532 411
45 621 646
46 48 881
46 322 742
46 433 722
47 48 382
47 172 622
47 395 760
48 49 785
48 564 160
48 595 209
48 479 135
49 51 249
49 319 767
49 470 48
50 51 751
50 160 776
50 236 355
51 53 444
51 298 895
52 736 900
52 207 861
52 310 558
53 54 656
53 249 714
53 323 764
54 56 490
54 142 997
55 696 433
55 765 396
55 327 322
56 192 736
56 605 527
56 757 943
57 59 485
57 291 136
57 426 432
58 59 672
58 396 72
59 60 249
59 61 181
59 195 681
59 155 890
60 62 76
60 379 543
60 133 792
60 232 820
61 62 5
61 641 994
61 640 570
62 167 294
62 424 195
62 145 80
63 64 180
63 65 62
63 434 341
63 643 402
63 717 900
64 65 736
64 66 184
64 142 845
65 757 207
65 539 607
65 745 343
65 518 278
66 67 306
66 233 830
67 68 820
67 69 52
67 284 25
68 70 617
68 207 788
69 70 48
69 197 146
70 74 742
70 589 697
70 628 963
71 483 138
71 464 651
71 587 238
72 74 944
72 613 395
72 511 730
72 554 492
73 128 310
73 785 252
73 612 782
74 75 134
74 717 823
74 323 496
75 431 72
75 274 739
75 196 806
76 514 41
77 78 680
77 248 782
77 608 692
78 80 657
78 438 565
78 389 454
79 408 830
79 225 742
79 273 244
79 83 487
79 165 698
80 82 534
80 625 296
80 540 64
81 82 97
81 83 562
81 789 390
81 410 50
82 84 431
82 415 33
83 695 448
83 181 425
83 213 510
84 778 303
84 204 627
84 478 865
84 146 994
85 86 640
85 87 132
85 339 36
85 367 696
85 438 233
85 471 914
86 88 323
86 451 505
86 625 502
87 622 348
87 485 28
88 776 461
88 468 866
88 717 593
89 208 548
89 660 392
89 184 624
89 362 806
89 494 995
90 349 983
90 288 546
90 140 820
90 166 100
91 324 690
91 660 411
91 301 866
92 328 351
92 132 52
92 631 277
93 94 650
93 95 295
94 795 473
94 244 319
94 688 871
94 758 280
95 96 7
95 97 519
95 211 456
95 393 789
96 435 879
96 675 241
97 99 338
97 664 238
97 470 411
97 432 206
98 650 228
98 160 75
99 228 165
99 156 951
99 263 764
100 102 354
100 745 16
101 102 253
101 477 53
101 162 969
102 440 33
102 203 175
103 263 503
103 338 630
103 364 645
103 461 332
104 106 239
104 749 402
104 602 574
105 107 311
105 713 469
106 108 606
106 209 206
106 741 962
106 141 91
106 640 185
106 732 949
107 108 349
107 109 691
107 404 612
107 681 387
108 109 355
108 389 650
109 110 237
109 111 277
109 711 683
110 333 302
110 332 834
111 367 454
111 686 505
112 285 899
112 601 675
113 115 69
113 137 422
113 691 665
113 192 686
114 433 382
114 249 445
114 718 588
114 482 44
115 117 93
116 117 578
116 295 121
117 118 383
117 614 162
117 634 933
117 662 816
117 683 348
118 119 767
118 744 35
118 641 991
119 120 768
119 752 753
119 557 203
120 554 118
120 539 615
120 654 679
121 123 814
121 233 125
122 207 216
122 221 405
123 124 939
123 125 804
123 243 294
124 125 686
124 540 968
125 126 11
125 585 144
125 203 443
126 259 565
126 575 305
126 643 663
127 625 917
127 771 646
128 129 496
128 711 144
128 175 340
129 718 825
129 214 21
129 471 999
129 510 45
129 700 91
129 358 186
130 132 138
130 797 981
130 269 149
130 798 933
131 132 819
131 242 959
132 571 990
132 647 513
132 794 199
133 478 46
133 687 439
134 508 771
134 623 666
134 521 176
135 136 929
135 144 42
135 158 963
136 264 798
136 798 674
137 718 331
137 647 988
137 517 903
137 212 752
138 140 276
138 498 94
139 140 104
139 141 537
140 500 452
140 527 120
140 265 242
141 567 161
141 506 976
142 536 1
142 260 949
143 145 448
143 616 318
143 239 581
144 145 728
144 324 645
144 795 496
145 461 938
146 147 396
146 460 171
147 412 993
147 196 587
147 431 193
148 149 785
148 150 428
148 549 156
148 673 442
148 686 656
149 151 921
149 266 987
150 151 930
150 629 285
151 153 2
151 618 737
152 264 998
152 471 343
153 562 476
153 489 495
153 535 146
153 551 806
154 156 213
154 604 959
154 351 747
154 596 569
155 156 272
156 158 170
156 531 771
157 158 483
157 597 417
157 211 444
158 194 298
158 489 809
158 319 882
159 160 857
159 161 310
159 536 574
160 628 7
160 402 235
160 381 319
161 787 627
161 343 873
161 413 826
162 163 14
163 226 601
163 781 792
164 189 537
164 744 567
165 166 561
166 448 714
166 659 52
167 168 316
167 489 316
168 170 61
168 385 75
168 596 749
168 688 468
168 215 741
169 170 879
169 171 304
169 485 505
170 171 834
170 199 265
171 684 936
171 388 453
172 422 131
172 241 638
172 679 650
173 750 541
173 587 166
173 256 426
174 176 15
174 689 398
174 740 999
175 537 661
175 246 401
176 693 381
176 456 315
176 637 239
177 184 581
177 601 330
177 729 403
177 387 597
178 179 539
178 180 190
178 475 687
179 620 195
179 549 249
179 264 269
180 181 622
180 790 864
180 378 344
180 606 855
180 733 474
181 236 683
181 695 601
182 184 556
182 739 349
182 359 843
183 184 554
183 481 188
183 694 190
183 373 360
183 207 958
183 489 596
184 185 237
184 441 223
185 187 462
185 777 308
185 591 755
186 187 169
186 188 24
187 188 406
187 570 727
187 716 583
188 189 646
188 557 998
188 593 343
189 199 789
189 382 578
190 191 805
190 317 803
190 686 732
190 224 600
191 193 816
191 285 666
191 278 562
191 565 190
192 484 139
192 572 388
193 353 649
193 261 853
193 459 829
193 223 838
194 196 403
194 551 730
194 533 392
195 763 735
195 353 833
196 429 630
196 754 232
197 198 632
197 765 808
198 199 463
198 629 482
199 200 387
199 201 430
199 528 680
199 609 127
200 202 713
200 480 814
200 406 667
201 202 284
201 283 710
201 469 211
202 203 128
202 397 529
203 458 780
203 764 978
204 744 735
204 342 462
205 207 188
205 520 586
205 218 859
205 790 58
206 207 52
206 376 649
206 336 679
206 782 843
207 597 868
207 231 337
208 209 949
208 699 709
208 422 527
209 211 649
209 754 943
210 212 82
210 521 604
210 498 931
211 213 33
211 390 819
212 521 250
212 238 957
212 312 791
212 486 133
212 320 854
213 700 939
213 654 929
214 512 659
215 546 699
216 217 991
216 218 162
217 218 328
217 284 743
218 637 760
218 677 350
219 221 68
219 358 759
219 522 595
220 221 175
220 636 327
220 609 515
220 469 812
220 739 858
221 546 443
221 424 612
222 223 270
222 224 434
222 746 78
223 225 827
223 362 974
223 435 818
224 226 515
224 493 173
224 684 71
225 396 761
226 523 138
226 434 426
226 605 973
226 731 861
226 352 64
226 300 208
227 358 364
227 295 860
228 682 763
228 527 78
229 450 280
229 666 360
229 250 208
229 401 833
229 520 259
230 232 887
230 557 204
230 334 820
230 723 762
231 232 164
231 594 956
232 694 874
233 735 876
233 244 878
233 383 265
233 768 659
234 235 462
234 236 23
235 236 744
235 525 656
236 343 748
237 238 771
237 285 543
237 631 73
238 240 935
239 495 406
239 347 1
240 241 423
240 242 281
241 497 248
241 725 72
241 638 574
242 589 510
242 631 99
243 245 104
243 713 665
244 484 563
244 771 849
245 576 450
245 307 544
245 703 900
246 621 637
247 248 633
247 658 517
247 446 636
248 250 988
248 285 780
248 356 930
249 356 203
249 681 897
249 561 653
250 794 98
250 779 287
251 252 328
251 253 368
251 558 184
252 253 582
252 634 998
253 628 76
253 452 946
254 255 571
254 374 856
254 298 709
255 256 931
255 257 423
255 658 73
256 257 389
256 258 1
257 258 791
257 259 37
258 259 598
258 540 677
258 676 15
258 770 72
259 261 212
259 514 93
260 262 822
260 388 589
261 263 240
262 263 381
262 291 346
263 264 307
263 265 17
264 265 85
264 585 308
265 551 246
266 268 863
266 690 929
267 269 538
267 613 604
267 555 554
268 559 902
268 632 720
269 627 897
270 712 120
270 641 648
270 503 248
271 272 115
271 774 804
271 665 802
272 273 655
272 274 929
272 784 841
273 772 879
273 397 980
273 718 658
274 547 675
275 276 358
276 278 819
276 517 170
277 278 839
278 446 141
278 330 609
278 297 968
278 625 635
279 668 401
279 568 173
279 687 63
280 281 710
280 323 417
281 282 125
281 283 760
282 283 64
282 412 552
283 285 794
284 285 307
285 458 89
286 287 602
286 319 92
287 621 932
287 316 525
287 375 455
288 289 276
288 316 47
289 506 159
289 653 820
289 481 20
289 691 807
290 777 365
290 681 609
291 511 367
291 476 48
291 587 384
291 295 433
292 294 391
292 727 946
292 568 820
292 634 749
292 675 680
293 294 843
293 360 830
293 764 66
293 659 203
294 295 929
294 347 501
295 298 702
296 769 492
296 475 603
296 610 786
297 703 416
298 578 7
298 335 296
299 300 621
299 415 590
300 469 804
301 681 684
301 418 227
301 705 530
302 486 445
302 391 656
302 413 643
303 304 281
303 376 519
304 305 148
304 306 314
305 307 800
305 467 460
306 393 825
306 697 409
306 639 91
306 747 488
307 454 385
307 661 447
308 310 270
308 725 269
309 535 890
309 739 980
310 659 981
310 559 398
311 313 788
311 778 328
311 704 173
312 618 757
312 637 208
313 315 190
314 315 781
314 416 222
314 598 600
315 316 832
315 317 686
316 760 227
317 608 26
318 319 504
318 397 396
319 714 129
320 798 332
320 409 141
321 322 63
321 323 242
321 399 968
322 323 678
322 324 385
322 429 950
323 622 842
324 450 727
324 613 644
325 326 628
325 327 253
326 357 921
326 572 377
327 328 7
328 532 702
328 463 528
329 647 666
329 453 593
329 645 219
329 669 424
330 332 616
330 588 481
330 745 992
331 333 308
331 704 65
332 333 66
332 334 379
333 334 285
333 597 892
333 592 975
333 618 969
334 335 294
334 347 703
334 460 155
334 737 295
335 336 541
336 337 130
337 339 78
337 459 73
338 467 340
338 698 227
338 683 992
339 341 982
340 341 794
340 747 780
341 342 488
341 343 399
341 626 626
341 666 392
342 519 122
342 698 68
343 671 437
343 447 5
344 345 885
344 346 818
344 722 379
344 428 660
345 346 171
345 586 165
346 348 150
346 552 686
347 501 539
347 563 67
347 380 243
348 350 903
349 351 497
349 792 408
349 553 808
350 443 362
350 572 111
351 569 438
351 510 624
352 758 117
353 425 787
353 450 629
354 356 795
354 672 518
354 582 585
355 739 549
355 673 947
355 396 340
355 729 203
357 754 927
357 652 998
358 359 762
358 392 720
359 679 689
359 728 406
360 669 514
360 599 11
361 363 645
362 363 24
362 399 186
362 737 657
363 364 592
363 365 488
365 669 285
365 744 589
366 367 312
366 368 528
367 466 462
368 369 209
368 370 523
369 790 912
369 795 12
369 792 554
370 371 268
370 618 996
371 458 316
372 373 912
372 374 991
373 513 671
373 579 922
373 394 481
374 793 336
374 504 490
375 376 342
375 377 509
375 752 607
376 377 47
376 378 25
376 590 130
377 378 131
377 552 851
377 457 951
378 379 421
378 650 250
379 394 410
379 396 732
379 503 739
379 547 286
380 381 409
380 562 103
381 610 172
381 689 625
382 383 292
382 648 294
382 612 227
382 419 46
382 526 32
383 385 923
384 386 697
384 417 774
385 387 643
385 660 387
385 474 103
385 756 354
386 756 227
386 712 75
387 388 205
389 534 558
390 410 989
391 392 972
391 480 108
391 755 183
391 770 554
392 394 597
392 613 292
393 394 580
393 774 702
394 395 443
394 396 790
394 762 506
395 396 722
395 758 636
396 544 955
397 548 161
397 774 868
397 515 802
398 526 909
398 513 738
398 533 190
398 725 72
400 402 863
400 705 861
401 402 693
401 708 435
402 404 275
402 623 496
402 630 252
403 404 250
403 405 88
403 752 174
404 406 540
405 406 827
405 679 140
405 581 266
405 481 548
406 580 934
407 408 709
407 409 139
407 713 301
408 409 596
408 589 251
409 779 996
410 728 200
411 413 234
411 517 917
412 413 236
413 516 110
413 640 81
414 415 616
414 441 734
415 417 694
415 656 244
416 417 199
416 725 996
416 693 530
417 418 48
417 572 582
418 419 542
418 420 825
418 550 601
418 676 308
419 420 682
419 422 697
420 780 873
420 525 365
420 772 537
421 422 580
421 423 786
422 424 33
423 582 184
423 670 405
424 716 679
425 426 536
425 427 833
425 663 116
425 683 909
426 428 201
427 618 81
427 662 823
427 545 117
427 622 723
428 429 117
428 525 736
429 533 842
429 492 119
430 431 527
430 432 612
431 432 545
431 792 247
432 610 191
432 642 654
433 435 855
433 580 706
435 608 764
435 482 694
436 438 163
436 490 304
436 532 967
437 438 464
437 439 970
438 495 763
438 588 421
439 441 647
439 461 3
440 441 267
440 442 509
441 443 140
442 443 615
442 761 860
443 444 118
443 642 806
443 697 58
444 683 46
444 448 700
445 446 378
445 519 372
445 589 446
445 619 826
445 750 143
446 448 877
447 448 487
447 773 377
448 597 687
448 600 775
449 450 508
449 451 812
450 676 579
450 487 243
450 782 44
451 453 880
451 478 446
452 453 727
452 454 79
453 726 643
453 773 419
454 665 753
455 527 658
455 695 700
456 457 111
456 458 183
457 459 544
457 675 269
457 649 315
458 459 706
458 764 324
459 595 393
461 535 358
462 464 570
462 484 482
463 464 530
463 754 290
463 477 653
464 465 932
465 466 867
465 467 724
466 467 39
466 564 999
466 487 771
466 560 979
467 469 74
467 628 843
468 470 520
469 470 484
469 799 413
472 473 52
472 668 542
472 699 888
473 712 498
473 704 948
473 605 709
473 690 754
474 476 33
475 477 401
475 533 711
476 515 904
477 479 4
478 700 198
479 480 980
479 491 839
479 482 319
479 777 106
480 565 997
482 483 586
483 484 93
484 493 801
485 532 604
485 726 691
486 562 809
488 489 583
488 490 59
489 499 991
490 491 76
490 551 188
491 572 5
491 564 309
492 510 63
493 494 967
493 503 870
494 638 544
495 497 169
495 603 879
496 798 333
496 728 133
497 498 591
497 499 871
498 517 643
498 650 332
500 501 703
500 706 726
501 503 119
501 562 352
502 503 733
502 504 799
504 505 968
504 506 695
505 506 398
505 559 408
506 584 825
506 751 456
507 508 176
507 620 252
508 636 48
509 511 19
509 791 909
510 592 546
510 657 461
511 512 925
512 514 546
512 519 34
512 530 385
513 515 124
514 515 685
514 700 147
514 653 935
515 516 366
515 517 816
516 517 726
517 519 201
517 569 850
518 519 165
518 748 499
519 521 202
519 563 238
519 567 991
520 521 324
521 787 342
521 744 125
522 524 1
523 524 996
523 525 738
524 525 796
524 667 679
525 576 108
526 657 302
527 706 318
527 738 436
528 767 45
529 759 307
529 693 957
530 531 625
531 798 458
531 674 974
534 537 72
534 769 755
534 662 564
535 598 781
536 537 482
537 701 15
537 670 903
538 539 991
538 540 553
538 607 725
539 767 437
539 749 102
541 542 59
541 543 370
542 544 304
542 757 381
543 544 254
543 657 55
544 546 557
545 561 467
546 547 5
546 793 998
547 549 144
548 550 102
548 775 480
549 732 789
550 551 747
550 655 457
550 767 709
552 554 152
553 555 59
553 667 109
555 657 284
556 557 748
556 589 529
557 586 278
558 560 974
559 560 891
559 716 89
560 561 372
561 776 967
561 690 563
561 778 705
566 568 713
566 721 493
567 771 987
567 748 348
567 641 330
568 570 177
569 571 65
570 572 606
571 573 722
572 712 242
572 749 323
573 574 274
573 575 365
574 576 830
574 635 309
575 577 247
577 578 435
577 643 945
578 580 449
579 675 714
580 581 594
580 678 333
581 583 105
581 688 863
583 724 586
583 696 268
583 741 12
584 585 825
585 711 917
585 796 542
586 588 998
588 605 956
589 648 649
590 717 989
591 610 595
593 594 221
593 776 689
595 597 883
597 797 604
598 599 220
599 600 974
599 775 534
599 720 282
600 601 456
601 603 56
601 798 937
602 603 580
602 649 316
603 604 108
603 717 524
604 605 258
604 606 484
606 641 472
608 740 7
608 676 593
609 610 15
609 755 825
610 611 362
610 681 63
611 613 926
611 647 287
612 613 560
614 616 684
614 634 219
615 616 463
615 637 251
616 617 762
616 618 632
617 618 719
617 619 428
619 641 258
620 622 964
620 627 367
621 765 295
621 757 511
621 779 717
622 623 194
623 624 816
623 625 41
624 625 440
624 626 222
626 628 237
627 629 120
628 780 65
629 630 907
629 634 230
630 632 280
631 632 637
632 634 913
632 747 521
633 634 476
633 635 718
633 753 773
635 637 136
635 712 409
636 638 727
637 784 691
638 639 199
639 698 235
642 643 310
643 772 500
644 646 494
644 679 324
645 653 596
646 647 673
646 648 674
648 660 841
651 652 81
651 786 11
652 653 812
652 654 978
653 655 763
654 701 114
655 657 944
656 657 217
657 659 436
659 794 673
659 666 611
660 662 260
661 662 125
661 663 529
662 663 517
663 665 962
664 665 308
667 669 327
668 670 55
668 731 880
668 734 322
669 671 80
670 672 79
671 672 89
671 673 471
672 673 186
672 733 66
673 675 80
674 675 849
674 763 380
675 677 951
676 712 416
677 679 454
678 679 298
680 681 833
680 682 266
682 683 801
682 684 413
684 685 48
685 686 496
685 687 754
687 688 811
689 691 312
692 693 722
692 694 735
693 694 511
693 695 189
694 696 658
695 697 320
696 697 567
697 698 750
699 748 760
701 759 908
701 750 12
702 703 263
702 704 357
703 704 973
703 705 323
704 706 478
705 706 755
705 787 804
706 707 552
706 709 571
706 731 224
707 708 122
707 740 883
708 710 803
709 711 518
710 711 774
710 771 498
711 712 395
711 766 868
712 714 435
714 745 758
715 716 708
715 717 771
716 787 787
718 720 417
719 720 225
719 748 242
720 722 365
720 723 868
721 723 291
721 759 831
722 724 446
723 786 614
724 725 33
724 790 710
727 728 822
727 729 889
728 761 335
729 730 275
730 732 473
730 791 808
733 734 197
734 736 642
735 736 659
735 737 323
736 737 690
737 749 37
738 744 283
739 740 676
742 743 598
742 744 649
743 744 993
743 745 753
746 748 945
747 748 400
750 767 107
751 752 767
753 754 344
754 756 933
754 780 17
756 757 738
759 761 420
760 762 672
761 763 422
762 763 491
764 765 804
765 767 845
766 768 198
768 769 764
768 770 976
769 780 298
770 771 206
771 773 932
772 773 447
773 774 798
776 777 440
776 778 707
777 778 744
778 794 99
780 781 894
781 782 749
781 783 553
783 784 225
783 785 210
784 786 541
785 787 896
786 787 377
786 788 156
788 789 192
788 790 597
789 791 73
790 791 634
792 794 906
793 794 392
793 795 80
796 797 320
797 798 254
797 799 44