0 1 536
0 2 650
0 755 926
1 2 701
1 457 6
1 530 84
1 159 193
2 694 650
2 115 578
2 187 992
2 235 83
2 555 431
2 818 712
2 19 954
2 172 631
2 342 268
3 591 517
3 451 379
3 789 758
3 589 129
4 5 13
4 17 852
4 379 164
4 372 223
5 6 568
5 7 122
5 603 369
6 757 381
6 7 959
6 781 225
6 551 783
6 704 479
7 286 892
7 306 631
8 536 610
8 774 962
8 435 921
8 27 601
9 452 246
9 641 887
10 11 278
10 12 932
11 457 169
11 41 54
12 13 724
12 21 930
12 754 589
13 14 743
13 218 383
13 725 816
13 31 343
13 366 491
14 277 768
14 373 358
15 16 393
15 566 198
15 86 228
16 520 773
16 404 831
16 475 778
17 107 196
18 135 310
18 572 139
18 228 369
18 570 30
19 690 241
19 791 482
20 22 846
20 698 824
20 72 675
20 180 616
21 23 582
21 410 255
21 149 945
22 826 532
22 571 340
23 24 347
23 295 248
23 403 544
24 568 584
24 643 627
24 345 477
24 597 245
24 607 829
25 61 718
25 670 879
25 89 952
26 256 900
26 833 516
26 39 317
26 576 420
27 28 456
28 30 768
28 730 791
28 368 827
29 30 324
29 641 276
30 31 124
30 801 685
30 360 220
31 494 548
31 328 477
31 61 986
31 583 61
32 374 447
32 395 8
32 455 426
32 711 328
32 320 898
33 34 420
33 877 425
34 36 199
34 77 843
34 864 651
35 87 654
35 346 47
35 445 849
35 423 5
35 303 394
36 58 458
36 476 360
36 859 959
36 863 873
36 321 650
37 38 358
37 827 900
37 779 850
38 39 51
38 40 418
38 219 8
39 41 856
39 186 414
39 857 868
39 713 897
40 42 184
40 746 121
41 42 437
41 325 556
42 43 773
42 301 480
42 812 116
43 455 944
43 292 297
44 672 20
44 347 905
44 829 431
44 268 479
45 46 4
45 493 169
45 823 866
45 839 592
46 48 823
46 444 483
47 49 706
47 269 170
48 474 949
48 846 516
48 590 250
49 334 801
49 176 939
50 51 657
50 52 599
51 174 808
51 621 893
52 101 233
52 146 941
53 421 717
53 657 350
53 133 417
54 56 42
54 879 195
54 758 905
55 406 218
55 817 492
55 74 850
56 58 907
56 229 640
56 572 906
56 439 828
57 58 246
57 59 403
57 450 289
57 513 73
58 59 105
58 60 337
58 728 394
59 60 264
59 825 213
59 307 223
59 65 810
60 481 79
60 584 339
60 624 969
60 209 339
60 611 337
61 200 695
61 866 256
62 64 903
62 225 719
62 182 507
62 376 817
63 64 506
63 93 143
64 65 938
64 66 217
64 693 821
64 279 40
64 846 249
65 86 226
66 101 852
66 840 933
66 605 31
67 68 645
67 431 748
67 792 601
68 69 538
68 839 300
68 517 743
69 82 410
69 559 719
69 696 828
69 135 436
69 127 324
70 71 196
70 794 95
71 73 875
71 228 562
71 250 451
72 74 425
72 251 991
73 658 236
73 760 584
73 807 467
73 537 527
74 613 192
74 116 733
74 334 785
74 794 52
75 77 811
75 800 731
75 679 480
76 77 285
76 78 238
76 517 370
76 612 571
77 770 864
77 674 636
78 695 123
78 862 25
78 518 177
79 81 398
79 274 756
79 523 683
79 351 938
80 177 246
80 260 454
80 426 859
80 831 826
80 724 496
81 599 46
81 780 209
82 83 333
82 383 980
82 379 846
82 827 155
83 84 38
83 656 298
84 85 727
84 86 70
85 86 723
85 87 647
86 435 557
86 401 71
86 129 980
87 88 882
87 89 664
87 571 404
88 89 881
88 456 33
88 307 589
89 90 496
89 462 405
89 394 484
89 757 101
90 383 96
90 692 408
91 92 211
91 93 65
91 318 844
91 380 595
91 826 143
92 192 708
92 520 51
92 324 823
92 141 361
92 432 144
93 720 724
93 329 179
93 864 63
94 606 567
94 604 989
95 874 977
95 539 851
95 186 91
96 97 816
96 667 853
96 539 648
96 206 164
97 98 263
97 314 838
97 764 302
98 100 96
98 523 297
98 157 105
98 270 283
99 427 306
99 392 803
99 642 784
99 130 802
100 485 927
100 368 178
100 160 638
101 102 25
101 721 241
101 846 998
101 441 716
102 104 655
102 669 802
103 120 599
103 258 461
104 331 263
104 649 70
105 742 80
105 418 117
105 730 49
105 223 909
106 108 820
106 375 641
107 178 454
107 287 220
108 109 277
108 563 370
108 771 304
108 369 94
108 838 940
109 111 745
109 383 326
110 112 384
110 681 612
110 371 709
110 338 170
111 364 679
111 225 530
111 249 737
111 418 780
111 676 286
111 743 407
111 786 690
112 113 885
112 114 347
112 465 654
112 681 346
113 114 461
113 115 296
114 160 598
114 156 707
114 536 521
115 492 419
116 118 919
116 516 457
116 740 615
116 752 797
116 776 7
117 118 139
117 719 696
117 738 82
118 635 444
118 871 670
118 335 345
119 371 802
119 210 512
120 607 162
120 496 11
120 696 450
121 122 334
121 757 92
121 533 723
122 815 782
122 837 382
123 125 649
123 343 332
124 126 603
124 491 946
124 256 974
124 374 569
125 127 513
125 383 789
125 281 556
125 305 378
126 128 864
126 370 856
126 183 920
126 252 249
126 728 427
127 128 401
127 276 820
127 277 657
127 286 480
127 803 749
127 865 801
128 130 105
128 519 70
129 526 627
129 582 851
130 131 433
130 399 836
131 132 900
131 556 13
132 134 618
132 653 50
132 294 440
133 134 823
133 796 469
134 283 155
134 750 732
134 478 412
134 481 895
135 186 163
135 423 191
135 859 184
136 352 856
136 372 97
136 793 167
136 670 725
137 138 230
137 139 196
137 175 791
137 238 515
137 582 127
138 140 596
138 747 140
138 756 390
139 722 135
139 658 222
140 141 358
140 634 58
140 225 773
141 565 296
142 143 437
142 144 217
143 208 180
143 382 803
144 145 240
144 284 554
144 498 526
144 292 74
145 146 541
145 249 634
145 598 371
146 524 246
146 308 793
147 504 650
147 519 274
147 462 830
148 552 865
148 554 351
149 150 159
150 152 37
150 871 707
150 668 172
151 713 771
151 808 541
151 729 27
152 154 117
152 659 797
153 278 764
153 803 395
154 546 694
154 653 890
154 392 764
154 586 632
155 157 43
155 310 640
155 312 684
156 247 557
156 287 252
156 291 190
156 333 987
157 621 130
158 159 614
158 160 95
158 553 128
159 237 399
160 161 50
161 163 165
161 843 633
162 164 137
162 692 406
162 759 124
162 802 856
163 164 104
163 165 596
163 200 937
164 166 898
164 654 263
164 301 826
164 324 103
164 215 48
164 346 662
165 166 83
165 167 634
166 168 823
166 659 626
166 873 751
166 581 298
166 876 401
167 868 928
167 726 227
168 733 70
168 380 187
169 170 2
169 792 335
169 826 561
169 639 888
169 298 726
169 619 262
170 171 897
170 363 613
170 621 964
171 172 786
171 723 928
171 312 712
172 173 376
172 735 790
173 174 367
173 730 395
173 264 57
173 554 697
174 175 539
174 782 566
174 386 577
175 295 738
175 364 478
175 552 726
175 844 234
176 814 153
176 614 607
176 702 857
176 700 193
177 841 555
177 444 456
177 603 553
177 761 942
178 180 986
178 267 769
178 211 227
178 847 582
179 180 41
179 181 819
180 715 737
180 207 861
181 182 475
181 183 836
182 184 103
182 642 127
183 184 752
183 614 531
184 185 608
184 186 628
184 595 563
185 332 921
185 569 359
186 187 241
186 188 966
186 206 743
186 583 494
186 620 75
187 733 603
187 241 425
188 575 58
188 193 429
188 783 446
189 191 989
189 841 92
189 834 859
190 192 758
190 688 106
191 192 344
191 193 553
191 623 39
192 452 305
192 821 564
192 396 28
192 364 577
193 446 965
193 798 85
193 276 93
194 393 784
194 463 86
195 406 945
195 436 591
195 591 692
196 197 899
196 198 978
197 199 63
197 503 938
197 254 275
197 699 829
198 358 566
198 654 309
198 256 848
198 751 38
199 200 161
199 778 15
199 736 246
200 316 817
200 332 309
201 203 262
201 421 658
201 359 938
201 234 243
202 204 58
202 627 682
203 620 984
203 616 101
204 205 322
204 215 737
204 267 721
205 500 236
205 257 777
206 483 898
206 542 865
207 409 773
207 393 963
208 210 560
208 818 589
208 871 716
209 722 565
210 212 686
210 497 278
211 423 351
212 602 648
212 509 597
212 616 400
212 670 664
213 215 88
213 458 457
214 215 398
214 247 236
214 426 571
215 457 521
215 631 555
216 663 97
216 307 610
216 527 995
216 715 721
216 682 903
217 218 337
217 219 77
218 220 263
218 746 123
219 220 11
220 243 322
220 312 155
220 524 130
220 471 976
220 669 280
221 222 543
221 765 316
221 376 670
222 223 180
222 224 185
222 502 61
222 795 248
222 384 411
223 225 673
223 676 701
223 849 766
224 225 560
224 541 241
224 664 32
224 683 803
224 309 800
224 523 368
225 806 116
226 821 73
226 826 37
226 566 906
227 228 975
227 357 410
227 745 282
227 487 774
228 726 259
229 777 934
229 453 596
229 354 864
230 232 815
230 855 387
231 672 513
231 273 272
231 345 329
231 681 689
231 688 293
231 521 990
231 288 937
232 234 596
232 686 925
232 630 98
232 584 692
232 633 489
233 509 561
233 454 756
233 585 792
234 243 319
234 443 968
235 459 741
235 263 979
236 237 539
236 352 853
236 535 103
237 714 353
237 452 610
237 399 966
238 616 720
239 240 694
239 241 589
239 394 591
239 503 585
240 241 181
240 343 496
241 242 282
241 366 154
241 699 488
242 243 588
242 244 3
242 477 622
242 486 542
242 424 473
243 244 534
243 379 280
244 580 520
244 254 820
244 274 213
244 283 693
245 246 52
245 247 643
246 248 95
246 409 76
247 249 52
247 257 462
247 283 863
248 460 735
248 395 219
248 400 298
248 741 31
249 250 126
249 381 411
249 757 290
250 648 390
251 544 328
252 253 41
252 871 744
253 794 703
253 778 720
253 329 153
253 462 646
254 680 104
255 257 203
255 616 126
256 258 988
257 258 387
257 859 649
258 260 369
258 343 787
258 632 401
259 537 986
259 272 23
260 262 490
261 263 182
261 432 109
261 391 888
262 263 526
262 732 6
263 265 809
263 865 66
263 360 479
264 265 464
264 801 168
265 267 219
265 822 880
265 521 554
265 777 862
266 267 391
266 268 365
267 268 595
268 269 802
268 270 510
268 879 183
268 556 440
268 800 264
269 854 299
269 449 779
269 612 907
270 271 282
270 324 941
270 328 58
271 272 839
271 347 847
272 273 377
272 274 773
272 522 20
272 451 958
272 511 490
273 652 74
274 693 421
275 276 193
275 277 125
277 279 268
277 844 47
278 279 268
278 280 999
278 413 879
278 436 425
278 518 336
278 571 470
279 280 474
280 533 527
280 362 859
280 539 162
281 283 873
281 321 148
281 542 491
282 283 946
282 462 493
282 431 937
283 284 116
284 336 212
285 286 146
285 848 708
286 288 943
286 518 826
287 396 91
287 654 160
288 721 755
288 717 479
289 290 953
289 580 439
290 291 275
290 531 127
291 613 856
291 632 471
292 293 795
292 517 995
292 616 848
293 380 281
293 725 202
293 595 77
294 824 922
294 604 676
294 491 991
295 297 131
295 656 874
295 802 601
296 297 934
296 390 524
296 772 614
297 299 771
297 844 579
297 599 465
298 494 117
298 837 584
298 717 339
299 857 100
299 515 436
299 605 375
299 816 449
300 301 866
300 734 799
301 528 158
301 801 531
301 525 861
302 765 531
302 681 409
303 385 173
304 305 310
304 306 421
305 307 940
306 867 276
306 652 122
307 469 111
308 309 7
308 717 913
309 310 182
310 850 207
310 779 85
311 312 251
311 556 819
311 708 749
311 822 57
312 370 714
313 314 103
313 562 59
313 356 742
313 828 213
314 315 110
314 316 587
314 462 446
314 331 16
315 316 992
315 709 916
316 317 911
316 318 226
317 318 129
317 319 134
318 390 758
319 321 489
319 335 963
320 488 294
320 478 779
320 772 483
320 389 439
320 435 226
321 612 128
322 324 446
322 666 942
323 325 620
323 834 435
323 729 641
325 326 605
325 751 967
326 471 468
326 720 316
326 461 937
327 329 740
327 872 636
330 331 904
330 463 751
330 723 232
331 332 898
332 333 41
332 598 889
333 798 521
333 770 968
333 528 496
334 335 48
334 370 670
334 414 554
335 336 26
335 852 988
336 861 400
336 814 976
337 338 564
337 339 988
337 874 55
338 456 324
339 340 460
339 860 118
340 341 838
340 342 555
340 785 485
341 342 646
341 521 388
342 343 331
343 345 787
343 583 224
344 377 33
344 505 895
344 806 915
344 362 588
344 472 331
344 691 279
346 808 279
347 782 367
348 736 625
348 643 708
349 351 273
349 433 777
349 617 113
350 716 832
350 444 560
350 685 720
351 372 730
352 353 349
352 787 178
352 876 995
353 583 236
353 604 704
353 559 247
354 489 235
354 661 367
355 356 226
355 768 107
355 813 272
356 357 261
356 515 265
357 359 975
358 360 702
358 385 156
358 569 831
359 470 12
359 767 789
359 856 371
360 361 361
361 363 947
361 694 581
361 673 572
362 363 209
363 364 411
363 534 633
363 437 679
364 866 930
365 366 787
365 471 7
367 369 62
367 570 454
367 655 614
367 643 761
368 370 322
368 477 451
368 671 289
369 370 827
370 371 579
371 856 107
372 383 171
373 375 240
373 817 195
373 627 991
374 375 340
374 637 305
375 376 184
375 377 423
377 810 112
377 660 540
377 586 143
378 437 521
378 383 600
380 395 923
380 530 434
381 525 868
381 725 62
382 383 598
382 384 832
382 835 797
383 764 77
383 642 128
383 509 296
383 823 307
384 669 943
384 561 645
384 868 205
385 633 171
385 753 211
386 631 723
386 652 157
387 388 849
387 423 475
388 389 486
388 390 111
388 769 199
389 390 126
390 391 407
390 392 874
391 392 842
391 544 891
391 587 406
391 872 745
392 592 767
393 395 991
394 684 806
395 441 254
395 774 981
396 397 539
396 851 659
396 463 441
397 398 964
397 399 524
398 736 270
398 550 653
398 784 747
398 637 186
399 619 552
400 565 539
401 567 321
401 846 408
401 684 903
402 404 382
402 542 127
402 848 685
402 446 904
403 452 675
403 465 315
404 406 64
405 551 337
405 810 851
406 407 815
406 408 966
406 415 192
406 862 923
407 408 531
407 409 592
408 409 841
408 548 33
408 695 866
408 778 392
408 514 741
408 821 487
409 764 556
409 681 959
410 411 961
410 412 368
411 413 336
411 649 723
411 783 62
412 414 158
412 662 947
412 480 330
412 649 50
412 767 529
413 740 757
413 479 309
414 415 368
414 521 498
415 417 276
416 417 893
416 713 748
417 418 11
417 419 765
418 741 55
418 422 351
419 421 486
419 671 915
419 675 27
419 869 725
420 421 971
420 673 242
421 766 584
421 456 503
422 423 580
423 425 499
424 702 784
425 426 54
425 427 422
426 744 810
426 679 993
427 428 428
427 429 335
428 429 681
428 430 829
429 430 321
429 431 759
430 730 702
430 708 100
432 433 705
433 434 677
433 435 139
434 436 947
434 600 881
435 467 990
436 438 563
436 678 191
436 456 60
437 670 658
437 541 720
438 659 479
438 513 336
438 573 744
438 697 909
438 695 829
439 440 862
439 501 360
440 441 503
440 442 283
441 753 199
442 443 802
442 500 161
443 444 490
444 446 510
445 447 277
447 448 997
447 826 551
447 819 382
448 802 579
448 602 843
448 877 156
448 720 22
449 637 17
450 451 581
450 788 908
451 601 805
452 454 571
453 455 353
453 610 49
454 455 773
454 456 291
454 689 121
454 458 43
455 716 739
456 819 714
456 689 69
457 647 965
458 459 812
458 786 599
459 461 528
460 647 542
460 600 778
461 462 194
463 855 782
464 465 380
464 466 63
466 468 76
466 596 950
466 531 761
467 791 742
467 624 20
467 623 803
468 469 983
468 470 226
468 639 827
469 779 347
469 832 713
470 479 540
470 722 973
470 505 397
471 472 101
471 624 175
472 473 2
473 520 950
473 517 335
473 536 582
473 838 645
474 475 43
474 648 633
474 800 186
475 477 152
475 706 143
475 530 683
476 482 670
479 725 625
480 481 960
481 788 289
482 483 641
482 484 44
483 709 574
483 508 788
484 486 795
484 610 391
484 564 298
484 793 391
485 486 868
485 487 90
486 488 907
487 488 231
487 489 984
488 489 402
488 758 142
489 490 532
489 491 457
489 514 486
489 594 505
490 852 275
490 565 54
490 615 22
491 649 463
492 493 656
492 619 131
493 874 693
493 544 183
494 496 148
494 526 347
494 790 388
495 496 889
495 783 219
496 497 805
496 581 941
497 853 572
497 621 699
497 630 976
498 865 1
498 738 21
498 818 462
499 854 206
499 728 274
500 501 767
500 807 439
501 798 901
501 791 22
502 504 492
502 714 567
503 721 761
504 505 981
504 506 945
505 507 272
505 860 404
506 528 390
506 801 933
507 508 769
507 570 629
508 510 485
510 511 171
510 846 234
510 773 601
511 512 887
511 637 397
511 776 504
512 514 408
512 553 956
515 603 737
515 573 949
516 518 793
516 809 146
519 521 924
520 522 260
520 814 346
521 593 84
522 655 573
523 688 467
524 786 247
524 830 28
526 527 985
526 528 251
527 749 372
528 530 464
528 658 574
528 828 809
528 537 543
529 530 127
529 531 87
530 760 484
531 755 121
532 534 377
532 791 439
533 633 112
534 535 523
534 536 880
535 536 791
535 845 922
536 538 152
537 736 115
537 656 384
538 685 966
538 739 521
538 718 311
539 857 730
540 541 631
540 542 538
542 732 626
543 638 912
543 607 338
543 820 285
543 557 87
545 546 507
545 745 991
546 547 429
546 548 97
547 549 253
547 733 111
548 744 62
549 550 47
549 551 746
549 600 750
550 552 875
551 552 216
551 691 47
552 554 770
553 555 777
554 555 217
554 687 142
555 780 714
555 724 476
555 630 430
555 706 894
556 557 864
556 853 262
557 699 401
557 811 764
558 560 114
558 842 290
560 561 508
560 567 786
561 563 751
561 588 176
562 635 871
562 664 957
563 565 942
564 565 666
564 815 712
565 566 416
565 744 432
566 575 242
566 638 310
567 755 293
567 729 582
568 569 234
568 570 411
569 571 453
569 868 313
570 571 902
570 874 795
571 576 880
571 797 476
572 574 975
572 705 614
573 620 627
573 831 261
574 575 191
574 576 514
574 807 743
575 819 252
576 585 745
577 715 166
577 681 919
577 635 453
578 579 793
578 592 378
578 727 418
579 580 616
579 828 748
580 581 325
580 582 181
580 611 469
581 582 400
581 766 503
585 702 983
586 587 760
586 817 378
586 843 952
587 588 661
587 698 629
588 590 816
588 878 740
589 657 996
589 592 318
589 782 715
590 591 509
590 592 118
591 592 730
592 593 641
593 594 189
593 735 149
594 812 76
594 667 96
595 596 181
595 762 111
596 597 765
596 598 991
597 598 381
599 600 942
599 710 732
600 601 549
600 748 527
600 736 780
601 793 367
602 604 822
604 605 892
604 614 472
605 606 126
606 608 283
606 868 855
606 625 941
607 814 770
608 610 796
608 774 735
608 782 356
609 611 495
609 719 910
609 833 231
610 612 218
610 831 427
612 742 221
612 685 37
613 615 43
613 623 249
614 858 618
615 616 11
617 853 850
617 805 180
618 619 649
618 620 742
619 620 348
619 710 609
622 678 599
622 853 593
622 744 900
623 760 268
625 626 594
626 627 946
626 792 717
627 629 220
628 629 261
628 630 604
629 631 789
629 767 244
631 633 296
633 634 500
634 636 72
634 853 669
635 636 780
636 637 983
636 638 741
636 686 869
638 640 118
638 685 195
639 646 964
640 642 60
640 835 456
640 879 85
641 642 928
641 772 736
641 827 532
642 643 256
642 788 821
643 644 404
643 740 984
644 645 961
644 646 487
644 747 312
645 719 904
645 698 880
645 760 300
646 647 182
646 648 230
647 649 183
647 808 209
648 650 273
649 650 828
650 651 1
650 652 221
651 652 521
651 653 374
652 712 585
653 751 842
655 831 698
656 853 975
657 658 642
657 659 476
658 660 528
658 662 959
659 660 811
659 843 61
660 662 311
661 663 853
662 720 536
662 784 837
663 665 444
663 852 15
664 771 248
665 666 729
665 667 280
666 667 743
666 668 666
667 669 481
668 669 861
668 837 109
669 670 602
669 765 429
669 690 561
670 672 992
670 856 996
671 672 505
672 674 9
672 683 773
673 730 80
674 675 809
674 676 528
675 676 703
675 820 278
675 861 240
675 841 224
676 677 561
676 797 632
677 679 433
677 785 29
678 680 20
679 695 616
680 681 771
682 683 450
682 752 581
682 691 940
683 684 576
683 685 797
683 742 954
684 737 714
685 861 249
686 687 875
687 689 262
690 691 821
692 693 737
692 739 243
693 695 452
694 695 446
694 696 707
695 697 221
699 700 617
700 701 618
700 870 756
701 702 253
701 703 507
703 704 138
703 705 163
704 705 751
705 707 463
705 832 488
706 707 721
707 708 653
707 709 797
708 709 961
709 710 260
709 748 850
710 763 786
711 713 973
712 849 423
712 791 386
713 714 877
714 716 394
714 810 654
715 717 639
716 717 885
716 718 447
716 781 99
718 719 438
718 748 540
719 721 106
720 722 376
721 723 207
721 836 235
722 736 522
723 725 707
723 766 30
724 725 829
724 726 250
726 727 901
726 728 481
726 771 337
727 728 425
729 853 205
730 732 877
731 732 885
731 733 363
732 734 376
733 735 209
734 736 873
734 767 196
735 765 756
736 818 716
737 738 467
738 739 124
739 834 296
742 744 31
743 744 554
745 829 294
746 747 806
747 851 859
748 750 176
749 750 541
749 751 145
750 751 602
750 768 949
751 752 559
752 769 349
753 755 327
753 773 204
754 755 820
755 756 803
756 757 308
757 762 433
758 760 30
759 761 823
761 868 143
762 810 846
763 764 377
763 804 389
764 854 277
767 768 83
768 769 298
768 797 174
768 848 300
770 772 238
770 775 12
772 844 713
774 776 64
775 776 576
777 794 258
778 780 120
779 781 923
780 782 806
781 783 608
781 822 310
783 859 555
784 859 62
785 787 141
787 789 257
789 790 471
789 791 820
790 792 320
791 860 804
792 794 765
793 865 902
794 795 293
795 797 854
796 798 408
798 800 393
799 800 304
799 801 387
800 830 329
803 805 832
804 806 149
805 806 841
806 823 171
809 810 244
810 811 100
811 812 65
813 814 575
815 844 895
816 817 475
819 820 504
820 822 521
824 826 402
825 827 526
829 831 752
830 832 763
830 874 433
830 840 920
831 838 570
832 834 520
834 835 860
835 836 309
836 837 406
839 841 170
840 841 820
841 842 223
842 843 244
842 844 466
843 844 536
845 846 437
847 848 102
849 851 875
850 851 358
850 852 78
851 852 13
851 853 883
852 853 528
854 855 608
854 856 431
855 872 699
858 860 577
860 861 361
863 865 62
864 866 760
867 868 916
867 869 457
869 870 292
870 871 270
870 872 464
872 873 49
873 875 39
875 876 718
875 877 671
876 877 794
877 879 304
878 879 674