0 527 341
0 46 403
0 488 404
1 2 375
1 387 400
1 208 809
2 4 513
2 532 951
3 5 442
3 486 275
3 397 846
4 6 14
4 521 349
4 30 865
5 425 565
5 315 784
5 360 68
5 200 457
5 211 326
6 7 847
6 8 573
6 76 397
6 478 439
7 9 241
7 464 872
8 9 454
8 486 555
8 282 818
8 538 1
9 10 988
9 11 823
9 449 645
9 98 439
9 182 177
10 11 640
10 12 290
10 17 417
10 132 117
10 436 237
11 13 429
11 384 860
11 293 766
11 316 312
11 487 796
11 497 998
12 14 802
12 273 351
13 15 336
13 251 591
13 95 23
13 165 633
14 174 95
14 317 137
14 340 793
15 17 240
15 228 780
16 249 742
16 151 109
16 356 358
16 55 81
16 301 489
17 150 137
17 407 739
18 382 610
18 47 299
18 187 927
19 406 17
19 54 621
19 433 574
20 164 317
20 494 780
20 367 713
21 164 290
21 92 228
22 23 679
22 384 617
23 41 552
23 298 486
23 350 905
23 166 922
24 41 676
24 276 88
24 222 380
24 199 507
25 293 60
25 362 19
25 379 890
26 54 186
26 174 324
26 164 672
27 29 586
27 78 756
28 29 997
28 30 971
28 163 260
28 212 247
29 31 287
29 500 85
29 511 132
30 332 968
30 446 807
31 452 701
31 207 505
31 284 828
31 323 215
32 33 603
32 397 293
33 518 879
33 218 466
33 100 716
34 36 128
34 531 878
35 37 358
35 335 406
35 122 523
36 37 782
36 521 554
36 331 619
36 495 64
37 160 481
37 99 923
37 371 670
37 213 786
38 39 138
38 521 892
39 478 456
39 126 515
39 154 997
40 41 584
40 89 322
41 320 15
41 85 923
42 44 154
42 485 151
42 229 859
43 263 412
43 528 940
43 140 998
44 45 445
44 156 165
45 47 618
45 209 951
45 96 189
46 48 117
47 55 798
48 50 609
48 294 843
48 396 874
49 50 841
49 145 782
49 392 3
49 424 710
49 463 11
50 180 533
50 300 197
50 367 883
50 118 8
50 220 238
51 53 863
51 424 691
51 341 201
51 469 940
52 54 339
52 433 895
52 63 374
53 54 700
53 124 702
53 487 981
53 242 762
53 332 736
54 56 911
54 378 456
55 56 517
56 63 53
56 394 443
57 58 915
57 59 358
58 59 555
58 60 396
58 422 521
59 61 120
59 244 914
59 60 915
60 61 29
60 174 910
60 361 427
61 453 55
61 532 680
62 63 540
62 183 635
62 334 549
62 231 952
63 64 727
63 338 200
64 66 456
64 485 446
64 306 87
64 445 755
64 298 687
65 66 266
65 68 441
66 450 42
66 375 365
66 443 633
67 68 743
67 69 412
67 233 26
67 261 210
68 344 845
68 87 954
68 389 299
69 344 183
69 75 395
69 146 587
69 193 398
69 163 396
70 71 451
70 72 80
70 246 700
71 72 984
71 157 822
71 221 818
71 337 336
72 74 463
72 398 462
72 130 512
72 378 200
73 74 66
73 79 52
73 155 695
73 274 283
73 112 752
73 535 500
74 76 238
74 510 440
74 472 88
75 248 950
75 91 894
76 77 598
76 225 89
76 313 945
77 274 390
77 414 967
77 413 59
77 446 777
78 79 399
78 244 336
78 317 642
78 442 36
79 284 167
80 81 304
80 82 770
81 470 407
81 519 469
81 109 241
81 342 611
82 83 70
82 84 77
82 279 18
83 84 381
83 247 71
83 390 850
84 451 842
84 303 745
84 457 684
84 377 178
84 493 241
85 86 143
85 368 416
85 142 295
85 280 363
86 311 985
86 164 776
86 500 806
86 112 211
86 510 778
87 208 349
87 529 886
87 176 852
88 123 119
88 140 307
88 202 579
88 143 868
88 214 346
88 506 574
89 91 203
89 218 917
90 422 715
90 341 606
91 93 527
91 337 106
91 158 34
92 94 993
92 267 121
92 455 3
93 202 26
93 343 118
94 96 707
94 350 188
94 475 595
95 97 858
96 247 948
97 98 867
97 129 486
97 247 206
97 150 673
98 99 656
99 101 551
100 517 347
100 125 48
101 103 651
101 513 970
102 104 647
102 191 847
102 120 337
102 419 227
102 168 529
103 299 567
103 314 600
104 330 852
104 477 381
104 466 789
104 503 597
105 107 47
105 167 53
106 107 179
106 273 385
106 175 527
106 155 422
106 450 548
107 108 988
107 109 817
108 109 585
108 454 66
109 437 509
109 223 915
110 112 455
110 219 310
110 467 33
111 513 352
111 147 352
111 154 100
111 386 183
111 428 297
111 534 253
112 113 324
113 114 154
113 365 441
113 398 65
114 115 809
114 116 779
114 217 52
114 250 661
114 406 788
115 116 189
115 117 861
115 462 490
115 228 915
116 117 197
116 118 460
116 307 333
117 502 986
117 328 151
117 473 769
118 331 435
119 190 31
119 238 109
119 216 527
120 122 785
120 393 768
121 122 23
121 123 630
121 275 775
122 340 268
123 227 764
123 400 427
123 444 1
123 485 591
124 126 190
124 162 807
124 440 637
124 486 807
125 522 103
126 504 671
127 460 335
127 428 625
128 129 654
128 434 159
128 538 879
129 360 591
130 132 768
131 133 88
131 462 495
132 421 134
133 134 918
133 135 107
134 136 830
134 299 78
135 136 870
135 300 480
135 293 471
136 137 612
136 321 946
136 165 498
137 138 446
137 297 610
137 246 141
138 139 150
138 534 282
139 141 674
139 523 930
139 161 511
139 514 192
140 402 367
140 471 601
141 375 75
141 192 182
141 148 509
142 361 32
142 192 809
143 145 319
143 240 295
144 145 299
144 495 999
145 253 132
145 408 995
145 411 828
145 207 389
146 520 519
146 368 546
147 267 592
147 527 775
147 211 160
147 359 282
148 149 675
148 404 358
149 490 374
149 403 755
149 154 700
149 507 633
150 151 669
150 519 344
151 153 118
151 220 252
152 153 515
152 190 872
152 287 498
153 154 357
153 155 113
153 201 946
154 192 198
154 373 342
155 178 692
155 468 242
156 157 244
156 158 551
156 251 938
157 159 443
157 261 681
157 196 271
158 204 891
158 374 513
159 515 496
159 304 224
159 260 978
160 161 778
160 363 71
160 330 773
161 388 573
161 538 818
161 382 464
162 296 585
162 280 342
162 426 519
162 371 510
163 165 963
165 203 755
165 248 660
166 167 92
166 316 57
166 481 127
167 168 738
167 514 7
167 519 690
167 494 546
168 169 291
169 170 912
169 190 170
170 171 773
170 233 501
171 172 950
171 173 410
171 326 255
172 173 994
172 368 494
172 457 849
173 353 118
173 339 754
174 220 934
174 275 737
175 177 188
175 435 28
175 398 244
176 177 168
176 311 122
177 178 951
177 179 600
177 291 643
177 295 548
178 179 888
179 181 830
179 507 180
179 500 280
179 244 76
179 479 665
180 181 570
180 483 307
180 301 707
180 226 413
180 336 48
181 183 102
181 264 445
181 520 298
182 183 390
182 354 950
182 416 598
183 194 50
183 208 606
183 376 866
183 422 514
184 185 459
184 376 944
185 315 909
185 437 228
185 475 618
186 373 504
186 439 574
186 312 926
187 285 530
187 291 399
188 190 468
188 375 187
189 190 832
189 287 934
190 312 557
190 393 257
191 192 158
191 267 372
191 292 839
191 431 185
192 193 307
192 294 95
193 195 897
194 326 350
194 465 748
194 300 131
195 260 45
195 329 809
195 223 68
196 235 230
197 198 746
197 206 903
197 344 463
198 199 267
198 242 169
199 504 66
200 307 170
200 388 612
201 436 19
202 539 581
202 414 823
203 204 438
204 274 262
204 419 638
204 536 116
205 206 372
205 342 987
206 208 114
207 209 927
208 460 826
209 210 38
209 211 260
209 532 497
210 212 396
210 418 201
211 212 933
212 213 74
213 214 531
214 368 937
214 403 164
214 502 72
215 216 875
215 237 349
216 218 130
216 456 348
216 271 449
216 454 339
216 468 415
217 219 731
218 219 485
218 220 870
219 220 352
219 221 128
221 452 908
222 223 538
222 224 372
223 342 370
224 225 248
224 263 721
224 456 854
224 257 187
225 261 79
226 301 994
226 355 57
226 474 775
226 489 44
226 505 695
227 229 805
227 464 281
228 229 394
229 265 739
230 512 895
230 505 627
230 288 961
231 232 819
231 304 219
231 264 913
232 233 575
232 234 340
233 270 468
233 423 714
233 435 409
233 510 8
233 484 839
234 427 136
234 503 597
234 349 240
234 325 160
235 346 223
235 520 381
236 238 260
236 374 526
236 504 882
237 239 739
237 309 121
238 486 705
238 344 467
239 311 401
239 427 474
240 376 696
240 367 928
241 243 391
241 494 325
242 243 960
242 516 27
243 244 325
243 413 72
244 245 439
244 262 135
244 476 399
245 246 616
245 476 596
246 248 978
247 473 424
249 251 492
249 444 33
249 453 143
249 479 882
250 251 348
251 253 75
252 341 199
252 513 843
252 261 796
253 255 760
254 255 675
254 306 568
255 302 124
255 435 825
256 257 346
256 258 565
256 483 854
257 259 874
257 478 23
257 453 325
258 259 195
258 260 945
258 343 863
258 489 352
258 364 872
259 260 632
259 417 600
260 288 34
260 495 190
261 263 572
261 385 215
262 264 986
263 265 313
264 267 735
265 267 920
265 281 349
265 408 320
266 267 21
266 368 934
267 269 834
267 335 10
268 269 663
268 484 879
269 383 15
269 353 752
269 465 712
270 272 943
271 273 545
272 274 735
272 524 663
273 275 437
274 361 817
274 369 856
276 278 114
276 404 448
277 278 179
277 498 425
278 280 21
278 414 485
278 521 69
279 538 745
280 322 509
280 399 971
280 310 233
281 282 205
281 410 803
282 284 965
282 414 759
283 285 534
283 393 504
284 286 663
284 491 714
284 461 675
285 441 487
285 493 965
285 385 174
286 287 675
286 288 916
286 312 668
286 440 614
287 512 729
288 402 243
289 290 700
289 401 322
290 291 199
290 292 938
290 410 313
291 293 334
292 293 548
294 295 349
294 307 2
295 371 459
296 297 974
296 298 584
297 299 729
297 436 622
297 471 912
299 300 233
299 301 506
300 302 809
301 471 786
301 443 262
302 304 355
302 538 639
302 537 654
303 479 10
304 305 954
304 452 621
304 382 897
304 488 981
305 306 660
305 390 423
306 308 431
308 527 652
308 520 303
309 311 390
309 386 72
310 311 634
310 388 263
311 312 127
312 358 777
313 314 961
314 316 802
314 526 944
315 317 266
315 487 467
316 416 785
317 318 861
318 462 864
318 471 787
319 321 125
319 495 179
320 321 301
320 354 870
320 378 615
321 322 207
321 391 454
321 501 750
322 336 452
322 381 552
323 441 964
324 325 141
324 327 142
324 438 542
325 326 669
325 462 36
327 329 272
327 400 360
328 440 972
328 339 802
329 330 352
329 448 814
330 331 31
330 488 924
330 526 985
330 342 899
331 399 792
331 524 594
332 333 669
333 334 215
333 493 983
333 350 364
334 497 17
334 523 354
335 447 662
335 528 651
335 475 131
337 338 642
338 339 151
339 357 159
340 341 803
341 342 748
343 409 355
343 465 736
343 526 542
344 345 780
344 349 102
345 346 613
345 347 921
346 347 374
346 348 430
347 348 16
347 518 341
347 448 624
348 350 163
348 388 362
348 509 712
349 351 551
351 513 967
351 355 93
351 504 188
352 441 946
352 399 56
353 354 807
353 367 10
353 438 967
354 372 375
354 395 249
354 412 776
355 401 406
356 357 587
356 434 125
356 374 940
357 358 230
357 359 289
358 429 133
359 360 506
360 361 920
360 362 824
360 511 951
362 364 670
363 365 32
364 476 416
364 406 122
365 367 725
365 514 492
366 367 896
366 368 903
367 368 477
367 494 864
369 370 144
369 371 80
370 371 101
370 372 966
370 400 214
371 490 975
371 432 504
371 506 36
371 523 147
372 374 597
372 524 214
373 379 412
374 375 877
374 442 20
375 377 210
376 481 408
376 533 308
377 378 895
377 496 834
377 415 486
378 380 328
379 473 895
379 539 635
380 381 946
380 492 666
380 383 25
381 441 703
381 404 598
382 383 659
383 532 54
384 386 924
384 459 887
384 527 202
385 517 791
386 387 888
386 478 700
387 389 685
387 478 585
389 390 638
390 391 67
390 398 942
391 393 150
392 394 76
393 395 707
394 395 954
394 396 492
395 396 987
395 402 664
395 480 277
396 489 234
397 399 917
399 448 506
401 403 278
401 513 348
402 500 986
403 405 887
405 488 313
405 463 680
407 408 624
409 411 824
410 412 760
411 426 899
412 413 942
412 485 828
413 414 768
413 415 54
415 416 627
416 470 87
417 418 131
417 522 930
417 463 259
418 419 459
418 420 448
418 502 450
418 525 436
420 534 551
420 479 695
420 455 639
421 422 187
421 423 60
422 423 526
423 425 136
424 425 160
424 450 543
424 508 299
425 426 815
425 427 616
426 428 498
427 429 959
427 522 780
427 536 731
428 429 315
429 431 931
429 495 412
430 431 628
430 484 279
430 504 258
431 432 906
432 434 685
432 512 745
433 434 414
434 534 213
434 441 590
435 492 835
435 451 36
437 438 393
437 439 228
437 516 289
438 439 41
439 440 418
439 441 661
441 502 212
442 450 755
443 445 494
443 531 615
444 445 108
445 447 873
446 490 215
446 518 474
447 449 432
448 449 902
448 450 653
449 531 277
451 452 207
451 478 601
451 520 428
452 454 108
453 521 736
454 456 118
454 473 444
456 458 663
457 459 505
458 459 642
458 460 237
459 460 595
459 461 817
460 462 247
460 467 607
461 471 496
463 518 537
464 465 912
464 466 680
464 539 360
466 467 371
469 470 905
470 471 476
470 472 96
472 523 285
473 474 350
474 516 320
474 492 601
476 478 547
477 478 218
477 479 677
480 481 951
482 483 410
482 484 30
484 506 315
484 502 840
484 499 492
490 492 471
491 492 995
491 493 328
492 515 863
492 529 160
492 531 716
493 494 484
496 497 177
496 498 2
497 519 782
498 499 373
498 500 719
499 500 321
501 502 456
501 503 103
505 506 476
507 514 153
508 509 761
509 511 608
512 513 716
515 517 316
517 518 805
519 523 945
522 524 133
525 526 472
528 530 456
529 530 646
530 531 643
530 532 804
532 534 155
533 534 410
533 535 995
534 535 55
535 536 851
537 539 244
538 539 421