0 147 957
0 323 487
0 239 879
1 2 70
1 3 304
1 34 860
2 4 117
2 597 673
3 4 263
3 176 988
3 313 336
3 610 729
3 257 430
4 336 89
4 603 834
5 583 290
5 455 439
5 678 377
5 709 376
6 106 830
6 32 923
6 622 115
6 691 999
6 669 285
7 80 955
7 173 900
7 749 425
7 474 480
7 527 670
7 733 176
8 9 735
8 139 682
8 421 321
8 693 867
9 479 478
9 337 462
9 370 693
9 389 31
10 531 760
10 416 674
11 13 170
11 566 480
11 681 999
12 13 816
12 14 129
12 346 974
13 14 659
13 15 462
14 15 47
14 356 33
14 619 418
14 690 4
15 301 760
15 430 857
15 690 535
15 244 476
15 260 88
15 654 778
16 17 139
16 539 629
17 18 989
17 226 967
17 447 842
17 489 577
17 95 569
18 632 876
18 759 380
18 753 572
19 20 782
19 322 151
19 556 770
20 22 50
20 725 237
21 22 751
21 123 351
21 217 837
21 752 637
22 23 3
22 276 389
23 24 587
23 650 246
23 501 26
23 252 234
24 709 813
24 241 964
25 26 905
25 570 33
25 759 4
26 693 818
26 494 712
27 28 420
27 29 859
27 598 494
27 209 711
28 37 546
28 331 443
28 486 336
29 716 837
29 368 545
30 31 214
30 165 289
31 101 65
31 377 882
31 255 987
32 526 933
32 149 349
33 395 696
33 152 233
33 344 414
34 35 174
34 563 527
35 693 551
35 331 665
36 37 495
36 581 879
36 638 80
36 378 937
37 39 484
37 349 156
37 237 599
38 231 750
38 74 673
38 493 104
38 455 526
39 331 222
39 116 249
39 232 447
40 104 996
40 54 211
40 388 897
41 42 954
41 43 325
41 713 950
42 43 234
42 308 574
43 44 5
43 45 606
43 593 67
43 294 973
44 45 183
44 385 863
45 515 211
45 99 859
45 580 910
46 48 837
46 686 282
46 130 390
46 265 240
46 251 254
47 147 800
47 465 794
48 605 75
48 498 143
49 51 689
49 678 28
50 51 891
50 259 767
50 178 572
50 612 608
51 52 51
51 190 886
51 578 794
52 53 612
52 54 940
52 67 711
52 487 972
53 735 907
53 531 869
53 675 993
54 56 64
54 590 141
54 758 962
55 56 375
55 57 316
56 57 116
56 58 184
56 482 322
56 658 747
57 104 532
57 360 610
57 435 992
57 98 87
57 593 203
58 59 276
58 705 338
58 721 397
58 679 809
58 756 209
59 60 355
59 121 417
59 668 858
59 563 953
59 723 209
60 61 821
60 62 441
61 62 606
61 84 738
62 107 761
62 323 145
63 156 31
63 611 375
63 599 995
64 65 348
64 66 180
65 66 340
65 67 79
65 468 62
65 755 642
65 334 602
66 373 737
66 143 754
67 309 766
68 70 930
68 144 655
68 683 878
69 750 624
69 271 899
70 72 453
70 579 440
71 73 684
71 226 18
71 268 703
72 73 453
72 133 962
73 74 383
73 652 710
74 76 930
74 613 462
75 503 730
75 147 935
75 735 640
75 729 295
76 78 698
76 400 324
77 78 6
77 293 726
77 358 469
77 759 232
78 588 616
78 103 580
79 531 790
79 353 705
80 81 232
80 500 484
80 592 618
80 543 90
80 180 102
80 323 345
81 276 589
81 258 160
81 246 867
82 84 173
82 138 284
82 634 291
82 540 174
82 689 456
83 302 252
83 104 685
84 539 850
84 575 377
85 87 956
85 89 589
85 218 735
85 391 796
85 605 589
86 88 348
86 646 860
87 89 538
87 260 181
87 359 112
87 474 17
87 627 964
88 89 447
88 264 239
88 418 548
88 435 903
89 90 791
89 203 876
89 689 703
90 92 592
90 581 467
91 93 528
91 174 124
91 277 591
91 392 3
92 446 866
92 450 46
92 598 356
92 610 584
93 94 292
93 132 945
93 177 408
93 625 887
93 399 496
94 540 499
94 677 508
94 607 188
95 286 422
96 224 263
96 278 951
97 98 624
97 122 662
97 702 92
98 99 175
98 529 300
99 297 623
99 443 15
100 101 534
100 102 615
100 202 649
100 355 960
100 731 106
101 486 103
101 281 573
102 103 576
102 201 173
102 225 221
102 576 797
102 663 532
103 645 560
103 484 976
104 159 779
104 530 18
105 469 643
105 743 759
105 310 59
106 674 864
106 568 147
106 277 193
107 109 879
107 285 80
107 206 121
108 109 386
108 118 444
108 341 61
108 558 27
108 423 133
109 110 558
109 246 639
109 632 667
109 694 974
110 111 969
110 555 219
111 266 297
111 334 837
111 756 895
111 559 873
111 188 978
111 749 298
112 113 354
112 698 738
113 225 790
113 378 747
113 498 556
114 416 534
114 600 373
114 157 269
115 202 972
115 294 928
115 247 626
115 288 864
116 118 658
116 129 205
116 217 671
117 397 282
117 312 947
118 120 109
118 425 724
118 538 570
119 217 272
119 661 680
120 121 544
120 269 375
120 447 865
120 154 169
120 156 107
121 123 679
122 123 879
122 124 47
122 463 637
122 599 153
123 264 780
123 124 16
123 446 569
123 141 602
124 126 9
125 685 639
125 344 606
125 491 899
126 127 926
126 128 266
126 470 274
127 378 250
127 598 883
127 153 590
128 129 7
128 538 763
129 146 346
129 633 538
130 613 436
130 458 603
131 133 647
131 282 724
132 134 458
132 693 849
133 134 780
133 135 135
133 603 407
133 160 955
134 135 122
134 475 401
134 724 872
135 274 288
135 701 464
136 628 314
136 453 166
137 426 559
137 311 490
137 471 432
138 141 902
138 455 52
138 544 572
139 141 765
139 666 238
140 141 630
140 654 238
140 698 37
140 276 341
141 707 86
141 159 129
142 362 251
142 278 56
142 462 212
142 163 250
142 714 650
143 513 452
143 266 540
144 590 50
144 205 18
144 686 747
145 156 984
145 555 595
146 477 729
146 264 418
146 352 722
146 492 644
147 149 635
147 246 479
148 149 111
148 150 441
148 345 399
149 627 499
149 322 695
149 588 738
150 701 680
150 219 861
151 153 726
151 585 669
151 295 376
151 311 793
152 154 114
153 398 178
154 155 645
155 156 683
155 652 604
155 674 403
156 329 894
156 718 800
157 158 82
157 159 453
157 531 50
158 159 204
158 325 539
158 294 797
159 219 751
159 543 108
160 531 668
161 163 889
161 431 767
162 302 323
162 240 138
162 334 696
162 564 280
163 447 627
163 435 207
164 166 754
164 334 630
164 522 865
165 166 933
165 167 213
165 418 258
166 168 691
166 276 213
166 319 245
167 546 471
167 470 903
168 169 676
168 542 431
168 299 504
168 287 891
169 263 825
169 526 301
169 701 603
169 362 823
170 171 355
170 199 502
171 480 607
171 698 599
171 591 940
172 173 736
172 174 489
172 503 955
172 630 694
173 175 234
173 754 64
174 704 1
174 284 160
174 555 885
175 176 38
175 177 415
175 282 989
176 178 28
177 511 707
177 267 918
177 394 893
178 628 313
178 705 782
178 185 971
179 180 206
179 751 422
179 418 617
180 274 485
181 183 896
181 280 275
181 412 202
182 484 342
182 690 744
183 185 371
183 289 947
183 484 683
184 591 578
184 486 280
184 693 411
184 421 347
185 186 345
185 541 969
185 262 494
186 187 862
186 490 968
186 714 594
186 304 653
186 571 639
187 242 810
187 233 401
187 653 701
188 606 85
189 328 729
189 613 102
189 429 852
190 192 81
190 211 114
190 409 901
191 192 66
191 504 396
192 193 865
192 194 652
192 336 23
192 405 456
193 195 280
193 387 229
193 272 46
193 479 129
194 196 170
194 682 396
194 512 795
195 701 404
195 208 719
196 198 182
196 528 276
197 199 949
197 310 48
197 427 350
198 200 674
198 516 88
199 200 898
199 642 335
200 201 915
200 387 261
200 550 620
200 262 637
201 203 966
201 310 80
202 413 556
202 663 304
203 415 848
203 417 820
204 205 983
204 208 188
204 688 529
204 329 883
205 732 371
205 303 928
205 397 307
205 596 830
206 208 441
207 339 105
207 627 420
207 405 994
208 602 178
208 745 339
208 642 218
209 210 885
210 257 230
210 238 546
210 315 163
210 354 22
210 379 781
211 535 914
211 498 93
212 213 760
212 214 876
212 371 754
213 214 999
213 215 914
214 215 22
214 216 735
214 414 72
214 681 248
215 216 990
215 704 934
216 743 149
216 307 767
216 340 444
217 726 242
217 297 518
217 477 615
218 220 353
219 344 308
219 536 737
220 221 894
220 222 388
221 222 293
221 543 275
221 655 674
222 223 930
222 471 550
222 699 384
223 476 857
223 516 94
223 224 9
224 732 984
224 436 662
224 630 227
224 258 411
225 578 604
225 480 919
225 612 322
225 404 940
225 457 881
226 228 570
226 476 211
227 229 5
227 747 929
227 372 817
228 605 257
228 701 161
228 545 744
229 231 548
229 662 889
230 231 671
230 380 365
230 308 661
231 232 242
231 398 397
231 330 237
231 485 358
232 459 682
232 398 748
233 235 193
233 469 287
234 235 142
234 236 767
234 367 258
235 236 270
235 346 314
235 664 316
236 238 490
236 447 993
236 613 266
236 666 479
237 238 616
238 239 444
238 240 955
238 279 614
239 713 407
240 464 206
241 242 942
241 243 583
241 549 268
242 243 789
242 335 321
243 571 21
243 374 446
244 245 254
244 534 434
244 567 460
245 655 602
245 414 232
245 266 544
246 405 128
247 633 484
247 716 11
247 291 487
247 417 865
247 524 980
248 249 793
248 382 400
249 312 599
249 495 275
250 251 57
250 252 654
251 252 374
251 641 353
251 737 484
252 374 426
253 705 919
253 342 286
254 256 275
254 385 742
254 605 834
255 256 86
255 286 682
256 258 643
256 409 270
257 258 922
257 274 302
257 416 38
257 302 561
259 261 596
260 261 37
261 262 227
261 263 710
262 630 983
262 483 975
263 755 108
263 491 411
263 695 934
263 617 106
264 286 697
264 712 487
265 560 734
265 424 553
266 320 932
267 651 637
267 583 449
268 271 694
269 400 83
269 715 824
270 271 460
270 461 623
270 639 372
271 273 460
271 416 165
272 274 469
273 274 871
273 275 770
274 520 197
275 276 746
275 277 333
275 746 123
276 646 307
277 421 696
277 438 405
277 572 938
277 668 124
278 552 571
279 481 738
279 671 493
280 281 931
280 282 972
281 479 380
281 729 752
282 681 335
282 403 819
282 757 183
283 489 454
283 373 502
284 286 444
284 467 17
285 286 201
285 287 649
285 586 281
286 287 750
286 702 82
287 288 47
287 294 323
287 316 319
287 552 841
288 555 279
288 291 86
289 291 464
289 690 274
290 291 681
290 292 935
291 587 39
291 652 202
291 707 641
292 293 745
292 294 44
292 577 249
292 371 512
292 549 295
293 295 334
293 452 880
295 552 471
295 325 481
296 298 419
296 640 969
297 298 419
297 375 143
298 300 588
298 582 448
299 300 712
299 301 329
300 301 583
300 612 876
300 735 10
301 302 955
301 728 976
301 367 957
301 574 383
302 303 484
303 378 270
303 422 608
303 687 957
303 644 171
304 720 362
304 413 20
304 356 41
305 307 876
305 345 850
305 426 995
306 651 109
306 571 298
306 618 551
306 568 620
307 547 213
307 626 26
307 423 262
307 430 545
308 355 838
308 589 865
309 310 243
309 439 184
310 311 839
310 565 393
310 353 273
311 313 788
312 313 44
312 314 880
313 585 606
313 743 399
313 586 319
314 315 36
314 316 684
314 738 448
315 554 420
316 447 111
316 481 219
317 318 328
317 319 799
317 331 578
318 553 209
318 619 559
318 698 414
319 469 777
320 321 337
320 343 684
320 643 292
321 323 456
321 642 447
321 477 734
322 323 683
323 324 774
323 428 244
323 363 562
324 477 166
324 566 340
324 395 643
324 570 402
325 466 700
326 327 209
326 344 414
326 754 536
326 600 814
327 329 694
327 625 702
327 488 546
328 330 199
328 357 28
329 330 754
329 396 295
330 331 612
330 472 283
330 572 540
330 701 57
331 333 343
331 662 967
331 706 654
331 710 846
331 461 324
332 333 833
332 334 733
333 334 845
333 389 702
334 348 966
335 660 249
335 622 605
335 691 889
336 504 676
336 643 579
337 339 599
338 339 766
338 508 753
339 340 517
339 463 115
339 581 612
340 341 85
340 691 713
341 343 544
341 515 170
341 720 752
342 739 779
342 507 940
343 345 743
343 655 754
343 540 455
344 346 140
344 347 191
345 571 91
347 687 827
348 350 283
349 350 813
349 561 318
349 364 493
350 352 664
350 527 76
351 352 468
351 360 683
352 353 34
353 494 929
354 355 588
354 386 956
355 357 792
356 545 456
357 358 388
357 517 558
357 401 708
358 373 524
358 538 29
358 680 364
359 361 320
359 623 308
359 701 652
360 729 511
360 465 572
361 757 388
361 667 1
361 383 397
361 648 785
362 363 895
363 451 478
364 365 75
364 368 309
365 366 92
365 367 956
366 592 670
366 510 614
367 401 159
367 650 584
368 370 694
368 715 269
369 371 45
369 574 670
370 697 548
370 424 477
370 667 259
371 732 600
372 373 489
372 535 416
372 637 460
373 457 817
373 391 235
374 375 814
374 660 811
375 376 220
375 614 468
376 378 249
376 714 169
376 476 520
377 416 947
377 378 330
377 734 612
378 646 910
378 691 438
379 498 216
379 568 891
380 532 83
380 619 46
381 383 460
381 577 171
381 618 926
382 384 755
382 490 987
383 624 592
384 386 458
384 496 916
385 629 965
385 704 170
385 615 958
386 675 782
387 389 68
388 389 281
389 578 587
390 391 3
390 392 95
391 690 924
392 525 530
392 580 83
393 395 101
393 687 243
393 699 988
394 402 225
394 516 638
395 532 937
395 644 223
396 735 170
397 398 410
398 554 266
399 400 180
399 595 430
400 402 957
401 750 695
401 468 602
402 404 430
402 611 980
402 604 434
403 405 155
404 650 804
404 585 391
405 695 768
406 407 858
406 493 461
406 634 456
407 701 121
407 751 231
408 606 914
408 487 669
409 411 102
410 411 878
410 664 85
410 440 625
411 412 943
411 413 552
412 414 184
412 664 858
413 724 590
413 565 703
414 618 60
415 417 41
416 418 643
416 467 378
416 706 861
417 418 173
418 419 595
419 420 241
419 498 768
420 426 623
420 534 593
420 449 368
420 431 659
420 542 578
420 683 109
421 641 259
422 424 865
422 566 694
422 591 504
423 572 966
423 673 138
424 426 700
425 599 163
426 427 103
426 429 295
427 631 351
427 745 750
428 430 526
431 432 489
431 533 62
431 483 909
431 619 132
432 707 409
432 585 383
432 658 343
433 435 326
433 622 110
434 436 406
434 728 871
435 436 868
436 438 336
437 438 414
437 439 804
438 440 535
438 574 626
439 440 305
439 603 38
440 441 386
440 587 566
441 646 345
441 612 665
442 443 74
442 444 184
442 550 69
442 615 331
443 445 189
443 717 55
444 608 491
444 574 795
445 447 513
445 464 174
445 700 696
446 447 852
446 448 725
447 449 994
447 507 970
448 449 235
448 615 936
449 450 121
449 617 955
450 451 972
450 452 412
450 558 114
451 452 739
451 682 827
452 454 327
453 455 221
453 509 862
453 646 276
453 742 608
454 455 254
454 456 86
455 675 227
456 633 167
456 648 684
457 621 996
458 459 820
459 460 840
459 461 891
460 461 117
460 594 523
461 462 664
462 464 350
463 464 41
463 672 488
464 465 748
464 466 121
464 670 855
465 693 847
465 708 89
466 467 414
466 490 703
466 647 486
467 468 885
467 660 956
467 750 561
468 470 328
469 470 814
469 603 466
469 584 97
470 472 813
471 472 410
472 659 764
472 672 177
472 507 764
473 474 901
473 729 629
474 475 792
474 644 336
475 645 953
475 562 301
475 711 187
478 479 892
478 480 802
479 481 905
480 482 861
481 516 600
481 587 87
482 738 828
484 530 564
484 620 202
485 719 490
487 488 755
487 695 301
488 489 701
489 639 742
489 714 841
491 734 382
492 670 584
493 495 912
494 496 974
494 718 282
495 661 781
495 618 287
496 497 844
496 658 574
497 498 720
497 499 583
497 707 959
498 675 818
499 500 901
499 501 892
499 747 976
500 502 611
500 717 423
501 502 708
501 503 662
502 503 89
502 504 722
503 741 562
504 506 597
504 738 404
505 507 169
505 538 682
506 507 787
506 629 910
507 509 925
507 685 654
508 509 961
508 510 393
509 721 289
509 677 174
510 511 742
510 512 711
511 513 970
512 514 200
513 514 155
513 636 705
513 519 573
514 515 177
514 516 233
515 638 426
516 517 913
516 701 433
517 519 292
517 569 13
518 519 645
518 520 437
519 521 895
519 679 586
520 522 638
520 732 813
521 522 408
521 523 608
521 665 580
522 644 910
523 524 953
523 525 608
523 700 337
524 525 51
525 527 186
526 740 551
526 594 189
527 719 804
527 759 829
527 720 103
528 529 422
528 535 675
529 650 838
530 707 719
530 699 217
531 533 903
532 757 276
533 555 730
535 736 51
536 538 380
536 594 914
537 538 575
537 539 109
539 540 976
539 541 952
541 594 422
541 718 385
541 560 272
544 624 606
545 584 845
546 547 75
546 548 109
546 642 679
546 661 598
547 548 93
547 549 516
547 685 603
548 549 569
548 759 236
549 617 99
550 684 448
551 552 278
551 553 794
551 744 141
552 554 770
553 554 889
553 710 530
554 556 251
554 680 871
554 561 666
554 659 243
554 743 250
555 615 732
556 557 291
556 736 225
557 559 320
557 729 609
557 721 774
559 691 669
559 618 292
561 563 403
562 563 776
562 564 155
563 625 623
564 565 357
565 567 698
567 568 475
569 571 708
570 571 444
570 579 755
573 575 411
573 738 985
575 576 242
575 577 612
576 577 36
577 611 624
577 757 842
578 579 735
578 620 763
578 651 606
579 581 862
580 652 175
582 583 198
582 584 701
583 584 787
583 585 426
583 596 240
585 639 472
585 665 859
586 587 497
587 696 648
587 738 660
588 589 91
589 590 313
589 591 366
589 607 347
589 635 390
590 625 252
590 662 841
591 592 709
592 594 52
595 596 140
595 604 167
597 598 456
597 599 913
599 719 715
601 602 770
601 603 569
602 604 350
603 605 207
604 679 556
604 703 784
606 607 713
606 608 612
606 657 362
607 609 812
608 610 574
608 679 445
609 677 974
609 722 736
611 613 946
613 718 817
613 728 567
614 615 443
615 616 935
616 617 909
616 711 34
616 732 445
617 618 219
618 710 33
621 623 702
621 714 643
622 752 990
623 624 292
624 626 419
624 668 117
626 628 992
628 629 947
628 707 764
629 630 858
629 631 355
630 667 399
631 633 363
632 633 839
633 729 660
633 680 152
634 636 387
635 637 42
636 638 13
637 638 170
638 640 961
640 641 585
640 649 935
642 644 702
644 722 94
645 678 71
647 648 190
648 649 413
649 650 916
649 651 808
651 653 498
652 654 915
653 654 302
655 656 465
655 657 728
656 657 126
656 658 361
657 730 380
660 661 373
660 662 374
661 665 174
662 754 981
663 664 50
666 674 250
667 757 576
668 669 120
668 748 408
669 670 257
670 672 236
671 745 798
673 675 479
673 717 379
676 677 547
676 678 531
677 679 48
678 679 393
678 680 907
679 680 384
680 682 356
682 683 415
682 684 778
684 686 540
686 687 952
686 688 513
686 748 49
687 689 982
688 689 155
688 690 805
689 690 672
692 693 35
692 694 96
693 734 563
694 695 266
696 698 481
697 698 999
697 699 880
698 700 561
698 741 623
703 704 189
704 706 491
705 707 181
706 721 644
708 709 20
708 710 496
709 710 803
710 712 686
712 713 110
713 714 398
713 740 977
714 737 156
715 717 700
716 718 85
717 718 418
719 720 403
719 721 694
722 723 45
722 731 49
723 724 724
724 726 23
725 726 730
725 727 480
726 728 538
727 728 788
727 729 258
729 731 568
730 731 976
730 732 448
732 733 597
733 734 651
736 737 149
739 740 863
739 741 516
740 742 496
741 742 821
742 743 616
744 745 299
745 747 20
746 747 998
747 749 587
750 751 278
751 753 166
752 753 891
753 754 376
754 756 685
755 757 796
758 759 172