0 319 572
0 318 982
0 120 981
0 194 257
0 184 757
1 319 189
1 97 459
1 203 345
1 49 442
2 3 855
2 4 127
2 58 184
3 295 552
3 101 192
3 139 734
3 140 844
4 153 265
4 15 154
4 300 882
4 269 659
5 155 312
5 209 141
5 80 523
6 7 668
6 8 553
6 248 791
6 158 287
7 8 481
7 9 708
8 82 963
8 201 233
8 216 118
8 298 147
8 163 222
9 46 56
9 108 1
10 11 209
10 224 854
10 257 259
11 12 494
11 22 735
11 18 584
12 68 608
12 89 478
12 91 665
13 229 396
13 319 264
13 57 626
14 15 15
14 54 318
14 257 992
14 251 905
15 17 922
15 113 125
15 201 793
16 184 733
16 257 880
16 302 694
16 182 162
16 157 873
17 312 425
17 86 107
17 301 227
17 51 567
18 88 194
18 120 324
18 132 860
18 268 49
19 20 421
19 21 213
20 21 766
20 22 472
20 287 691
20 55 68
21 22 758
21 23 21
21 195 117
22 24 222
23 24 509
23 25 917
24 140 872
24 96 800
24 218 180
25 110 64
25 93 35
25 179 263
26 27 351
26 228 465
26 316 42
27 29 291
27 224 529
28 29 318
28 30 798
29 30 961
29 31 322
29 207 767
30 168 161
30 199 44
31 32 154
31 188 840
31 46 771
32 276 520
32 128 92
32 144 674
32 183 138
33 34 156
33 35 696
33 151 201
34 35 652
34 84 786
34 39 626
35 37 607
35 160 607
36 37 364
36 71 278
37 38 844
37 39 435
37 59 814
37 135 957
38 39 838
38 40 509
39 40 569
39 174 596
39 259 938
40 41 333
40 42 540
40 237 425
41 43 344
41 295 936
42 43 13
42 44 740
42 122 980
42 174 69
43 245 960
43 264 508
43 211 658
43 215 292
44 46 938
44 72 684
44 192 805
45 173 105
45 314 700
46 176 872
46 264 897
46 239 815
46 50 237
47 48 362
47 49 136
47 208 60
48 50 741
48 180 443
48 265 917
49 62 810
49 114 498
49 250 47
50 51 405
50 87 92
51 52 148
51 127 570
51 239 138
52 53 737
52 232 706
52 261 767
53 269 572
53 267 483
53 239 619
54 56 129
54 260 955
54 295 22
55 147 149
55 316 423
56 58 165
56 191 983
57 58 250
58 263 210
58 107 754
59 61 762
59 161 259
59 311 304
60 61 293
60 62 592
61 238 40
61 62 786
61 219 785
62 63 92
62 90 929
62 311 470
63 64 792
63 138 848
63 233 949
63 215 119
64 66 554
64 249 78
65 66 44
65 279 755
65 267 492
66 67 527
66 68 826
67 68 389
67 129 77
67 83 6
68 273 957
68 160 361
68 168 437
68 297 541
69 71 337
69 101 126
70 115 772
70 91 310
70 298 836
70 293 903
71 73 597
71 277 387
71 210 708
71 97 911
72 284 712
72 248 48
72 268 339
73 74 22
73 306 697
73 198 718
74 75 727
74 76 989
74 191 347
75 77 977
75 167 837
75 137 927
75 153 432
75 313 590
76 78 502
76 203 770
77 78 746
77 314 382
77 105 232
78 79 830
78 143 139
78 94 645
79 80 894
79 81 734
80 82 349
80 283 606
80 206 433
81 82 248
81 83 99
81 166 674
81 313 701
82 154 688
82 204 652
82 100 17
83 84 486
83 280 561
83 234 426
83 126 133
84 88 477
85 87 746
85 287 776
85 142 451
85 139 294
85 205 406
85 230 642
86 88 895
86 211 836
86 169 539
87 144 205
88 90 475
88 213 278
88 224 778
89 103 745
89 241 469
90 92 933
91 94 360
91 125 3
91 258 877
92 94 334
92 261 804
92 251 795
92 238 952
93 276 581
93 103 263
94 318 274
95 96 764
95 212 862
95 121 691
95 257 73
96 98 198
96 222 237
97 133 383
98 99 556
98 237 428
99 224 204
99 292 195
100 206 81
100 217 987
100 220 716
100 310 619
101 170 592
101 194 619
101 223 598
102 164 109
102 239 23
103 132 941
103 172 587
104 105 9
104 106 420
104 303 335
105 107 101
105 158 202
105 278 641
106 107 176
106 193 898
107 109 915
107 315 396
108 278 175
108 199 390
109 110 963
109 137 600
110 111 570
110 112 380
111 134 207
111 138 806
112 113 345
112 176 347
113 282 942
114 124 168
115 117 979
115 309 60
116 117 113
116 161 518
116 204 218
116 208 349
116 216 859
117 118 157
117 119 271
118 119 73
118 304 135
119 121 662
119 136 916
120 166 398
121 122 274
121 189 12
121 193 985
122 124 981
122 212 124
123 124 647
123 126 73
123 154 584
124 126 563
124 281 680
124 178 892
125 131 493
125 227 318
126 127 505
126 153 632
126 150 302
126 167 932
127 180 434
128 129 175
128 214 5
128 304 731
129 194 802
129 190 515
129 226 7
130 131 542
130 319 475
131 177 199
131 293 600
131 162 539
132 225 502
132 281 790
133 135 305
133 246 912
134 135 162
134 136 134
134 242 688
134 288 464
134 152 471
135 171 819
136 137 604
136 142 473
136 300 311
137 265 980
138 263 544
138 299 424
139 179 460
140 206 920
140 265 533
141 143 617
141 314 667
142 143 410
142 215 558
142 259 638
142 273 409
142 166 229
143 145 980
144 274 510
145 146 384
145 147 791
146 147 512
146 201 45
147 149 311
147 216 655
147 260 893
148 150 553
148 281 655
149 150 416
149 228 476
150 293 283
150 282 380
150 247 295
151 213 488
151 156 819
151 226 415
151 280 937
152 269 359
153 317 817
154 155 766
155 172 863
155 181 186
156 158 214
156 171 675
156 283 131
157 209 338
157 230 468
158 186 48
159 160 424
159 161 272
160 162 716
160 297 519
160 303 257
161 163 604
162 273 731
163 164 148
164 165 701
164 310 833
165 166 646
165 167 334
165 316 953
167 168 33
167 190 181
167 286 371
167 177 99
167 187 656
167 271 308
168 218 224
168 199 556
168 241 375
168 309 107
169 170 975
170 172 756
170 243 270
171 260 542
171 214 133
171 276 395
171 282 407
172 173 354
172 228 937
173 174 412
173 175 190
174 176 750
175 243 534
175 277 718
175 310 299
175 231 512
176 177 705
176 317 955
176 293 221
178 218 479
179 180 588
180 187 874
180 277 132
180 284 291
181 182 683
181 183 983
181 261 412
182 279 97
182 236 439
182 245 438
183 184 767
184 185 307
184 192 280
184 290 730
185 186 552
185 187 270
186 188 457
186 311 248
187 198 488
187 236 602
188 295 956
188 203 758
189 295 872
189 303 536
191 193 815
191 297 998
192 239 802
192 289 465
193 262 58
194 246 699
195 196 399
195 242 521
196 319 149
196 199 366
197 198 673
197 199 378
198 199 30
198 292 229
199 201 325
200 202 319
200 266 309
200 300 240
202 262 289
202 226 382
204 216 281
204 314 406
205 299 568
205 245 824
206 208 389
206 270 992
206 279 810
207 313 493
208 271 561
208 290 988
208 233 367
209 211 658
209 286 937
210 212 635
211 218 170
212 307 962
213 214 801
213 289 215
217 255 433
218 219 880
219 220 495
220 221 853
221 222 302
221 278 9
222 223 857
222 255 374
223 307 890
225 249 851
227 229 175
227 230 415
229 231 248
229 246 126
231 232 113
232 272 197
234 235 424
234 306 50
235 236 139
235 237 266
237 238 503
237 244 499
238 239 69
238 301 278
238 292 226
240 265 457
240 254 187
242 272 175
243 244 511
243 245 588
244 246 796
245 247 70
246 247 957
246 319 280
247 248 971
248 255 682
248 315 346
248 302 793
249 250 327
249 253 836
250 251 42
250 252 150
252 253 284
252 254 659
252 298 908
253 254 422
253 273 397
254 255 482
254 256 547
254 275 553
256 257 326
256 258 633
258 290 421
258 283 146
258 275 841
261 262 907
262 272 915
262 279 668
263 265 495
264 266 587
265 267 97
266 267 292
266 290 699
267 269 884
268 269 831
269 270 968
270 272 250
272 273 350
273 274 502
273 275 523
274 275 767
274 276 255
275 276 541
276 277 277
277 279 390
278 280 924
280 294 456
281 282 551
281 283 204
284 296 672
285 286 872
285 305 387
287 289 326
288 290 748
289 290 26
291 292 76
291 293 123
292 293 771
293 294 788
293 315 94
294 295 961
296 297 542
296 298 439
298 300 971
299 300 327
299 301 549
301 303 317
304 305 620
304 306 205
305 306 169
305 307 948
306 308 484
307 308 73
307 309 359
308 309 38
308 310 90
309 315 166
310 311 829
311 312 993
312 313 759
312 314 613