0 2 57
0 198 208
0 52 73
0 191 230
1 199 542
1 83 477
1 71 748
1 140 507
1 147 858
2 4 717
2 78 40
2 173 943
2 193 162
3 4 521
3 5 399
3 107 441
3 132 305
3 181 961
4 5 33
4 6 720
5 11 200
5 96 663
5 47 894
5 77 410
5 81 260
6 7 400
6 19 641
6 158 293
7 8 580
7 70 92
7 83 358
7 139 778
7 144 61
8 150 961
8 178 717
8 180 610
9 11 833
9 166 675
10 11 6
10 12 532
10 166 371
11 13 862
11 125 140
12 13 694
12 42 896
12 96 154
12 14 447
12 131 862
13 14 782
13 15 292
13 38 898
13 99 956
14 158 728
14 47 225
14 103 872
15 67 580
15 116 551
15 177 11
15 77 331
15 112 494
16 18 308
16 167 695
17 18 342
17 105 282
17 133 100
18 20 429
18 156 435
18 159 122
18 194 477
19 163 976
20 21 833
20 41 436
21 22 870
21 23 653
21 153 603
22 24 205
22 142 525
22 87 766
23 144 544
23 162 487
24 25 820
24 53 800
25 178 236
25 162 219
25 26 482
25 134 834
26 27 853
26 104 450
27 172 973
27 134 39
28 29 702
28 30 261
29 192 527
29 168 250
29 178 603
30 32 574
30 106 700
30 69 234
31 32 518
31 33 444
31 161 293
32 141 913
32 183 983
32 128 643
32 127 549
33 79 215
33 72 993
33 123 844
34 173 4
34 43 98
34 119 803
35 38 709
35 41 358
35 68 626
35 122 147
36 87 612
36 40 220
36 146 732
37 56 354
37 148 414
38 81 935
38 52 592
38 125 425
39 40 851
39 41 678
39 120 494
40 164 220
41 173 773
41 162 36
41 128 971
42 123 884
43 44 782
43 102 945
43 112 157
44 119 878
44 118 198
44 96 601
45 47 823
45 184 46
46 48 701
46 169 466
47 163 321
47 60 201
47 184 209
48 50 417
48 166 367
48 49 126
48 146 575
49 51 109
49 58 183
50 52 67
50 172 462
51 52 126
51 108 746
51 166 152
51 179 332
51 135 952
52 164 16
53 54 639
53 192 661
53 64 391
53 195 585
54 55 824
54 189 479
54 173 25
55 153 779
55 104 855
56 58 310
56 130 582
56 66 868
56 110 14
56 112 980
57 58 673
57 119 707
57 87 257
57 107 226
58 104 827
58 63 516
58 186 641
59 61 842
59 153 788
60 87 238
60 67 551
61 62 566
61 63 759
62 147 530
62 188 772
63 65 722
64 170 576
64 88 868
64 133 507
65 101 935
65 109 932
65 172 822
66 171 236
66 117 284
67 152 675
67 199 273
68 113 573
68 99 711
69 70 82
69 73 426
70 72 435
70 156 542
70 193 248
70 142 742
71 102 722
71 164 262
71 131 599
71 91 84
72 115 985
73 74 87
73 88 221
73 165 746
74 75 172
74 76 498
75 139 966
75 122 582
75 113 953
76 77 45
76 78 896
77 177 556
78 79 764
78 135 735
78 108 603
79 80 641
79 81 974
79 175 375
79 124 165
80 81 461
80 82 20
81 184 239
81 171 638
81 194 554
82 84 221
82 90 898
82 103 341
83 182 817
83 195 383
83 154 152
84 85 909
84 130 221
84 175 342
85 86 921
85 87 263
86 87 566
86 88 154
87 173 94
89 90 15
89 91 167
90 91 269
90 152 138
90 136 640
91 92 108
91 157 850
92 93 828
92 194 559
92 136 558
93 94 635
93 105 607
93 197 694
94 95 62
94 198 811
95 96 678
95 183 34
97 99 834
97 151 821
97 174 66
98 99 19
98 139 617
98 103 571
98 188 762
99 137 192
100 102 758
100 157 901
101 103 581
101 119 770
102 133 809
104 105 583
105 106 296
105 147 592
105 174 140
106 107 907
106 108 718
106 114 892
108 190 174
108 183 121
109 111 6
109 170 684
109 180 210
110 188 804
111 176 461
111 179 266
112 162 884
113 114 548
113 149 635
113 117 288
114 157 696
115 116 262
115 133 731
116 124 131
117 118 813
118 119 470
118 120 775
118 198 332
118 143 669
120 122 327
120 161 456
120 158 969
121 122 196
121 177 200
123 124 777
123 125 885
124 155 306
125 127 118
126 128 54
126 131 503
127 164 427
128 129 297
129 131 643
129 138 574
130 132 640
131 132 401
132 136 721
133 134 717
134 135 460
135 137 241
135 162 739
136 137 869
137 153 944
138 139 809
138 142 68
139 163 885
140 141 481
140 151 142
141 144 53
141 151 26
142 143 985
143 144 18
143 185 627
143 156 454
144 145 810
144 170 858
145 147 333
145 153 77
146 158 726
147 148 18
148 150 994
148 159 552
148 175 177
149 151 199
150 151 848
150 152 134
150 170 854
151 152 348
152 187 809
153 155 713
154 155 242
154 172 89
155 157 540
155 168 321
157 158 827
158 166 578
159 160 406
160 161 143
160 162 987
163 165 997
163 187 588
164 167 757
165 166 743
165 169 65
167 169 224
167 183 500
168 169 512
168 170 631
169 171 920
171 173 845
171 176 980
172 173 277
173 174 560
173 190 432
176 177 463
176 182 58
177 179 741
179 181 369
180 192 848
181 182 90
182 183 370
184 185 821
185 187 446
186 188 851
187 188 567
188 189 234
189 191 461
190 191 600
191 192 247
192 194 708
196 197 854
196 198 772
197 198 382