0 839 294
0 2 749
0 838 801
0 403 542
0 740 278
0 767 774
0 157 469
1 2 647
1 839 299
1 527 118
1 602 138
1 541 630
2 585 514
2 350 126
3 360 997
3 75 855
3 104 439
3 623 808
4 5 747
4 821 776
4 255 461
4 140 779
5 7 351
5 559 554
5 289 752
6 7 840
6 8 559
7 43 204
7 16 218
7 399 219
8 289 917
8 320 800
8 53 773
8 156 798
9 18 297
9 639 850
10 12 814
10 133 374
11 13 670
11 681 172
11 520 375
11 627 467
11 433 568
12 226 60
12 293 665
12 521 52
12 539 313
12 662 938
13 335 779
13 500 262
13 736 232
14 367 757
14 519 566
15 16 683
15 500 99
15 802 318
16 18 396
16 535 54
16 722 516
17 18 822
17 19 321
17 101 482
18 19 383
18 20 910
18 229 217
18 690 35
19 20 273
19 96 997
19 67 645
19 322 90
19 414 409
20 179 501
20 330 808
20 536 543
20 835 859
21 22 354
21 594 304
22 219 813
22 359 273
22 83 593
23 25 601
23 428 362
23 240 603
23 55 11
24 26 467
24 721 666
24 206 889
24 637 601
24 657 953
25 26 863
25 264 112
25 354 305
26 28 647
26 323 483
27 625 505
27 574 219
27 308 988
28 29 483
28 30 691
28 210 694
29 164 830
29 59 422
29 501 347
29 514 830
29 708 50
30 505 941
30 600 855
30 594 406
31 756 873
31 530 22
31 208 862
32 687 909
32 690 141
32 325 572
32 732 264
33 751 24
33 788 406
34 623 840
34 411 329
34 227 145
35 36 776
35 206 269
35 804 918
36 37 284
36 680 471
36 716 879
37 673 737
37 487 874
37 700 697
37 65 468
38 39 435
38 150 891
38 370 632
39 40 135
39 675 327
40 42 172
40 747 625
40 41 706
40 431 551
40 817 24
41 514 285
41 118 718
41 196 792
42 438 868
42 46 983
42 371 155
42 271 705
42 611 575
43 561 404
43 719 695
43 828 540
44 49 928
44 579 665
44 509 411
45 46 219
45 47 981
46 778 123
46 296 399
46 426 698
47 80 378
47 292 238
48 49 278
48 175 265
49 447 586
49 346 202
50 51 278
50 736 226
51 52 65
51 354 805
51 567 950
51 331 568
52 53 180
52 409 370
53 55 285
53 808 760
54 56 232
54 214 972
54 580 354
55 501 364
55 457 628
56 826 582
56 309 898
57 58 786
57 59 915
57 139 671
58 60 965
58 828 11
58 227 90
58 257 786
58 695 239
59 61 748
59 446 956
59 197 641
59 298 18
59 268 509
59 598 559
59 819 121
60 62 174
60 685 774
61 62 880
61 303 427
61 204 297
62 64 568
62 772 602
63 392 973
63 549 618
63 747 660
64 295 499
64 135 829
64 676 84
65 291 30
65 505 92
66 86 929
66 451 434
66 638 395
66 724 534
66 406 645
67 217 306
67 633 456
67 254 632
68 764 926
68 734 451
68 825 305
69 70 689
69 71 708
70 71 158
70 580 975
71 73 573
71 833 236
71 159 320
71 656 720
72 815 275
72 253 864
73 75 411
73 777 801
73 607 497
73 718 737
73 329 829
74 75 199
74 76 985
74 341 125
74 233 858
74 534 865
74 713 320
75 77 277
75 525 239
75 569 128
76 77 94
76 353 631
76 506 494
77 79 303
77 738 830
77 599 367
78 79 660
78 562 412
79 80 483
79 81 2
79 183 53
79 119 334
80 801 10
80 378 862
80 278 555
80 118 964
80 631 546
80 791 953
81 82 451
81 618 802
81 410 136
81 674 711
82 83 180
82 469 336
82 213 8
83 85 140
83 485 220
83 286 163
84 85 647
84 358 84
84 302 871
85 86 777
85 801 896
85 111 720
85 126 485
85 498 606
85 659 610
86 87 630
86 512 582
86 102 173
87 88 849
87 777 463
87 361 240
87 439 757
88 89 644
88 90 128
89 91 720
89 624 584
89 330 968
90 581 165
90 430 127
91 92 529
91 167 800
91 479 787
91 239 110
91 389 22
92 93 399
92 703 818
92 117 957
92 699 838
93 427 550
93 233 324
93 794 493
94 96 472
94 428 403
94 645 160
95 703 492
95 165 520
95 214 9
96 98 13
97 98 24
97 577 504
98 508 264
98 577 50
99 732 387
99 629 850
100 101 826
100 347 820
100 563 61
101 343 453
101 552 795
102 609 66
102 651 581
103 104 332
103 105 455
103 663 989
104 668 538
104 698 215
105 107 375
105 523 750
105 401 938
105 220 462
105 743 180
106 108 384
106 755 434
106 585 125
107 108 203
107 109 373
107 772 582
107 206 437
108 109 196
108 395 954
108 597 165
109 111 479
109 504 222
110 111 217
110 112 244
110 428 500
111 184 116
111 290 955
111 733 905
112 114 426
112 790 564
112 640 88
113 838 975
113 294 598
114 116 362
114 156 656
115 117 722
115 463 735
115 326 108
116 118 660
116 689 391
116 353 874
116 825 581
117 118 149
118 749 76
118 268 202
118 560 75
119 120 277
119 725 143
119 390 939
120 279 492
120 303 608
121 790 955
121 516 920
122 123 541
122 334 510
122 493 590
123 124 851
123 125 867
123 746 977
124 125 972
124 690 702
124 483 936
124 544 28
125 524 770
125 460 486
126 127 310
126 164 911
126 405 973
126 441 775
127 129 828
127 184 267
127 324 509
128 134 41
128 411 370
129 835 671
129 730 691
129 807 538
129 389 398
130 132 259
130 676 714
130 307 712
131 132 766
131 290 990
132 134 724
132 795 162
132 357 358
133 504 738
133 202 75
133 331 560
134 611 639
134 295 599
134 249 727
134 386 752
135 631 695
135 294 251
135 453 681
135 816 56
136 138 284
136 660 142
136 331 974
136 625 438
136 805 659
137 591 119
137 486 941
137 525 848
137 400 215
137 368 299
138 713 715
138 223 185
138 836 320
139 345 375
140 433 774
140 222 301
140 561 8
141 143 44
141 821 855
141 378 222
142 809 109
142 774 716
143 307 470
143 314 585
143 367 475
144 145 716
144 146 167
145 147 794
145 341 955
146 147 868
146 225 657
146 360 850
146 443 522
147 505 600
147 654 591
147 268 613
148 606 643
148 455 869
149 151 626
149 446 762
149 431 608
149 765 593
150 152 359
150 305 29
151 229 758
151 561 289
151 294 505
152 796 562
152 350 339
152 413 238
153 155 160
153 802 929
154 155 104
154 211 397
155 157 123
155 446 825
155 545 196
156 292 264
156 829 286
157 719 978
158 159 90
158 434 809
158 437 327
159 191 737
160 161 830
160 201 104
160 195 405
161 163 690
161 683 115
162 164 83
162 423 380
162 761 234
162 701 483
162 716 522
163 549 634
163 206 904
163 815 639
164 651 83
164 635 851
164 224 965
165 774 672
165 253 773
166 167 293
166 168 153
167 628 207
167 761 216
167 785 817
168 178 35
168 787 657
168 782 967
168 529 626
169 170 808
169 171 889
170 171 789
170 172 352
171 714 431
171 294 988
172 174 389
172 627 620
172 247 900
172 256 72
172 572 384
173 174 231
173 657 15
173 725 405
174 175 48
174 312 12
174 651 564
175 423 557
175 722 629
175 369 647
175 734 871
176 177 730
176 178 649
176 705 779
177 179 882
177 330 27
177 426 750
178 180 853
178 492 242
178 226 647
179 180 619
179 181 83
180 495 915
180 516 718
181 397 715
181 570 28
182 183 289
182 184 855
182 433 777
182 499 390
183 185 406
183 681 309
184 186 849
184 351 45
185 187 39
185 408 976
186 240 749
186 428 140
186 517 78
186 476 612
187 278 518
187 411 225
187 803 254
188 189 171
188 430 296
188 658 324
189 191 880
189 580 954
189 318 803
189 398 709
190 599 185
190 224 828
190 358 25
190 655 432
191 192 284
191 244 425
192 194 787
192 657 548
193 194 956
193 541 639
193 580 912
193 823 880
193 790 346
194 772 192
194 321 12
194 559 974
194 251 298
194 437 38
195 721 650
196 488 862
196 235 205
197 199 219
197 723 439
198 199 882
198 200 943
198 794 708
199 200 394
199 477 688
200 417 721
200 815 503
200 687 976
201 202 413
201 203 467
202 204 62
202 575 712
203 204 48
203 558 814
204 205 996
205 207 126
205 677 615
207 209 810
207 471 143
208 800 499
208 441 863
209 210 409
209 478 826
210 211 857
210 404 598
211 603 879
211 475 411
211 837 439
211 369 846
212 424 247
212 294 118
213 214 73
213 813 22
214 215 689
214 259 906
215 292 144
215 323 203
215 754 129
215 799 948
216 218 545
216 663 934
217 219 785
217 301 744
218 219 191
218 220 932
219 221 863
219 362 624
219 584 487
219 672 491
220 221 679
220 521 144
220 717 9
221 723 664
221 234 185
222 224 773
223 224 856
223 499 856
224 345 319
224 726 892
225 227 289
226 227 21
226 244 789
226 524 77
226 229 603
227 677 986
227 235 561
228 737 716
228 244 221
229 816 746
229 296 573
229 447 861
230 232 414
230 527 807
230 473 511
231 232 162
231 233 548
232 233 735
232 782 27
232 638 63
233 334 203
234 236 465
234 671 812
234 355 463
234 287 633
236 404 564
236 423 971
236 435 910
237 239 748
237 322 710
237 563 437
237 707 963
238 685 148
238 655 950
239 240 574
239 256 85
239 619 568
240 829 966
241 384 214
241 587 200
241 257 54
241 730 529
242 243 666
242 689 101
243 768 500
243 380 638
243 502 569
244 246 650
244 446 806
245 246 927
245 247 992
245 578 925
246 247 723
246 586 171
246 615 608
247 507 916
247 757 892
247 771 540
247 335 707
248 510 222
248 817 706
249 250 888
250 251 402
250 252 221
251 254 36
252 253 454
252 379 728
253 254 133
253 603 139
253 612 12
254 596 908
254 798 545
255 256 107
255 257 247
255 344 627
256 516 993
257 479 818
257 349 997
257 583 662
258 260 492
258 303 642
258 571 234
259 261 702
259 400 890
259 356 553
260 279 305
260 472 379
261 262 777
261 326 147
261 606 748
262 264 746
262 311 41
263 424 874
263 461 92
264 265 921
264 266 472
265 794 195
265 711 908
266 268 335
266 644 585
267 269 487
267 405 737
268 702 506
268 821 172
269 270 582
269 492 877
269 333 186
270 343 769
270 541 648
270 635 461
271 272 997
272 274 811
272 773 854
273 274 411
273 275 297
273 611 873
273 492 219
273 777 403
274 275 84
274 610 217
274 437 847
275 276 506
275 491 967
275 353 612
276 277 246
276 278 924
276 496 759
276 497 792
277 278 716
277 452 171
277 419 727
277 445 679
278 280 941
278 469 653
278 605 475
278 810 14
279 462 984
279 601 708
280 281 184
280 282 987
281 738 603
281 311 516
281 813 218
281 429 646
282 319 763
282 775 304
282 380 545
283 541 594
283 550 833
284 809 832
284 473 750
285 286 725
285 378 965
285 698 956
285 704 133
286 288 94
287 767 501
288 289 737
288 290 482
289 290 675
289 368 734
289 624 92
289 440 102
290 324 12
291 292 999
291 293 183
292 293 781
292 294 242
292 430 9
292 689 343
293 351 996
294 774 249
294 434 291
294 449 896
295 791 767
295 649 29
296 699 17
297 437 680
297 495 59
298 300 880
299 301 258
299 536 417
299 322 894
300 301 892
300 382 337
301 302 254
301 303 884
302 609 209
303 304 185
303 305 720
303 783 409
303 422 242
303 738 596
304 305 30
304 708 703
304 618 124
305 307 233
306 307 111
306 308 389
306 483 2
307 597 146
307 642 980
308 310 492
308 368 863
308 563 198
308 751 349
309 712 204
309 585 90
310 524 822
310 618 26
311 313 281
312 313 858
312 547 871
313 581 663
313 706 799
313 731 581
314 316 92
314 371 560
315 686 245
315 532 448
315 592 266
316 318 213
316 321 149
316 487 305
317 537 729
317 381 526
318 320 886
319 321 217
319 517 363
319 652 769
320 390 364
320 472 319
320 623 869
320 771 133
321 328 89
322 396 518
323 325 260
323 554 311
323 510 419
323 558 462
324 326 125
324 409 504
324 818 496
325 530 737
325 653 724
325 739 334
326 682 551
326 831 692
327 513 877
327 612 736
328 683 606
328 362 614
328 432 236
329 706 353
329 403 426
330 332 134
330 598 972
331 333 411
332 333 513
332 334 295
333 521 441
333 699 563
333 694 751
334 401 35
335 336 747
335 824 140
335 489 441
336 548 570
336 830 697
337 338 18
337 677 760
337 490 468
338 339 401
338 340 962
338 791 818
338 448 648
339 341 787
339 441 306
339 788 455
340 342 152
340 759 381
340 624 117
341 343 269
341 610 923
342 344 484
342 469 393
343 345 329
343 719 768
344 776 639
345 713 441
346 348 24
346 558 3
346 824 188
347 349 310
348 350 594
348 579 1
349 351 185
350 352 974
350 808 928
351 353 725
351 734 302
351 752 158
352 353 929
352 354 335
352 642 297
353 393 892
355 568 241
356 358 744
357 489 583
357 373 106
358 359 309
358 360 360
358 425 565
358 570 618
359 361 792
359 634 900
359 435 221
360 362 402
361 362 351
361 770 329
361 384 213
361 443 992
362 802 642
362 719 809
363 364 157
363 365 860
363 411 785
364 365 98
364 725 782
365 680 919
365 529 933
365 550 118
366 367 152
366 831 42
367 705 912
367 500 835
369 371 318
369 421 343
369 470 417
370 426 922
370 689 506
370 800 532
371 372 153
371 825 632
371 395 645
372 373 858
372 374 621
372 413 887
372 792 39
372 654 183
373 750 738
373 479 880
374 375 651
374 376 481
375 376 377
375 759 786
376 595 489
376 701 767
377 658 667
377 744 136
377 452 710
378 435 621
378 532 781
379 688 986
379 582 9
379 412 574
380 382 617
380 748 497
381 383 628
381 489 149
382 434 914
382 493 148
382 399 369
383 385 694
383 416 831
384 386 218
384 466 453
384 661 247
384 644 988
385 387 666
385 426 390
385 744 614
386 387 296
387 388 37
387 389 869
388 389 191
388 390 935
388 503 645
389 657 356
391 392 694
391 393 992
391 784 956
392 394 381
392 544 400
393 395 212
393 508 883
393 543 565
393 612 537
394 395 388
394 462 920
394 520 600
395 444 850
396 627 690
397 399 43
397 838 166
398 400 19
398 588 616
399 400 487
399 401 527
399 619 926
400 401 476
400 777 13
401 403 250
401 731 36
402 404 189
402 821 36
402 418 487
403 405 120
404 441 626
405 406 384
406 408 758
406 459 574
407 408 115
407 409 2
407 794 146
408 756 71
408 524 698
409 410 454
410 412 111
410 829 152
412 413 26
412 609 677
412 830 118
414 415 198
415 417 730
415 831 435
416 417 430
416 601 677
417 418 18
417 446 383
417 724 318
418 419 547
419 420 738
419 752 665
420 550 976
420 765 25
421 422 704
421 423 34
422 819 408
423 425 461
423 469 601
424 425 500
424 426 827
424 692 833
425 427 57
425 759 203
426 466 109
427 429 297
427 477 760
428 483 911
429 430 727
429 436 98
430 820 206
430 451 332
432 645 164
434 740 281
435 698 875
435 807 547
436 799 507
436 772 684
437 823 113
437 545 530
437 796 654
438 439 773
438 547 719
438 602 889
439 440 567
440 441 226
440 589 824
441 718 535
442 664 612
442 552 801
443 498 973
444 446 894
445 771 155
447 448 688
448 489 564
449 532 676
449 626 275
449 709 259
450 810 973
450 547 900
450 760 688
450 768 310
450 755 18
451 766 510
452 453 129
453 454 804
453 557 687
453 787 427
454 455 390
454 456 223
454 481 134
454 741 456
455 456 780
455 457 503
456 457 90
456 704 477
457 693 342
457 786 432
457 793 973
458 460 43
458 810 864
458 713 844
459 461 84
459 754 842
460 462 836
460 638 852
460 590 706
461 464 788
461 631 884
462 463 131
462 689 14
462 509 504
462 789 40
463 547 973
463 551 61
463 486 691
464 466 84
464 568 874
464 827 611
465 747 598
465 719 457
465 589 986
466 467 985
466 736 271
466 828 503
467 468 44
467 790 392
468 470 189
468 499 315
469 470 180
470 471 769
471 472 41
471 473 459
472 599 97
473 710 381
473 566 349
473 576 161
474 475 765
474 476 70
474 732 546
475 669 542
476 803 79
476 484 134
477 479 10
477 682 449
478 479 595
478 480 578
479 480 313
479 565 31
480 481 326
480 482 780
480 567 294
481 763 635
482 483 629
482 484 71
482 675 978
482 811 322
484 550 935
485 486 791
485 547 699
485 685 309
486 488 935
488 489 265
488 606 21
488 643 756
488 717 663
489 490 329
490 491 580
491 493 111
493 569 88
494 610 763
494 701 396
494 834 954
495 723 66
495 676 959
496 505 138
497 691 80
498 499 341
498 576 76
499 501 566
501 584 260
502 619 333
503 766 803
504 568 132
504 584 282
505 507 189
505 527 572
505 615 685
506 507 734
507 515 837
507 791 183
508 568 129
508 592 915
508 788 578
509 804 564
509 809 18
509 820 496
510 512 49
511 707 212
511 606 536
511 748 862
512 513 429
512 514 47
513 514 41
513 704 502
513 675 765
514 703 596
515 517 690
516 643 694
516 822 80
517 518 741
517 519 350
518 520 944
518 721 871
519 745 874
519 665 521
521 820 144
521 678 968
522 570 810
522 648 644
523 524 39
523 620 680
524 526 905
525 579 517
526 527 888
526 528 14
527 620 55
528 529 664
528 530 493
530 532 453
531 533 24
531 747 802
532 836 710
532 589 638
532 596 135
532 762 106
533 535 437
533 745 292
534 772 735
535 629 888
535 630 342
535 542 354
536 537 779
536 551 502
537 538 430
537 539 47
538 539 796
538 540 624
538 746 737
539 714 503
540 586 743
540 789 524
540 637 648
540 832 766
541 543 82
542 731 128
542 670 666
543 810 180
544 545 130
544 672 927
545 769 56
546 547 628
546 548 868
547 599 935
548 550 161
548 793 561
549 551 847
550 552 702
550 608 966
550 710 468
552 565 703
553 555 349
553 638 475
554 555 676
554 556 211
555 556 754
555 736 137
556 754 147
556 608 836
556 796 464
556 595 269
557 746 323
557 632 865
558 560 688
559 560 635
559 561 226
559 659 540
560 568 479
560 680 719
561 831 405
562 563 579
562 564 815
563 774 727
563 784 39
564 565 144
564 566 979
565 566 564
565 567 805
566 568 487
566 712 434
567 656 120
568 570 817
568 662 34
570 571 703
571 573 610
571 650 670
571 770 499
572 573 945
572 721 219
572 833 375
573 574 521
573 575 798
574 686 799
574 631 290
575 721 313
576 585 169
577 578 580
577 579 204
578 579 701
578 811 636
579 581 257
579 728 335
581 582 237
581 779 752
582 583 990
582 716 23
582 603 681
583 769 872
583 621 520
584 586 710
585 805 97
586 827 391
586 647 100
587 589 208
588 661 680
590 682 63
591 826 101
591 729 181
592 593 12
593 594 260
593 595 590
594 662 861
594 604 465
595 632 198
595 688 639
596 597 117
597 599 818
597 693 977
598 685 814
599 600 842
600 602 713
601 602 644
601 620 203
603 679 459
604 605 782
604 742 861
604 613 260
605 606 358
606 775 897
607 609 453
607 780 682
608 610 252
608 616 186
608 744 672
609 610 566
609 622 387
610 783 659
612 680 671
612 671 516
613 614 426
614 615 599
614 820 809
615 616 8
616 768 334
617 618 841
617 619 815
618 754 699
620 622 543
621 735 299
621 624 768
622 623 226
623 625 433
625 665 179
625 743 126
626 627 107
627 629 204
628 630 306
629 630 245
629 718 858
630 632 797
631 632 737
632 633 749
632 743 337
633 635 4
634 636 938
636 637 196
636 638 556
637 766 25
638 640 162
639 641 949
639 680 232
639 648 864
640 642 651
641 694 561
641 679 102
641 710 8
642 644 460
642 673 449
643 644 916
643 645 990
643 804 65
644 645 173
645 647 351
646 647 99
646 648 126
647 648 513
648 649 580
648 806 345
649 724 190
649 833 471
649 737 203
650 652 62
650 666 518
650 679 833
652 654 144
652 775 958
653 655 414
655 656 438
657 809 529
658 659 386
658 674 339
660 661 810
660 662 662
661 663 272
662 751 347
663 758 195
664 666 797
664 747 337
664 727 402
665 796 106
666 668 769
667 668 867
667 669 455
668 670 932
669 670 792
669 671 445
670 672 822
671 672 691
673 674 107
674 675 256
676 677 222
676 826 434
677 678 466
677 696 431
678 679 717
681 682 599
682 684 206
683 685 649
683 801 65
684 686 626
684 755 896
686 688 611
687 688 288
687 689 896
688 690 208
691 692 384
691 793 580
691 780 890
692 694 503
694 696 224
694 743 125
695 696 145
696 697 209
696 698 438
697 698 916
697 745 827
699 763 987
700 701 488
700 712 677
701 702 306
702 704 672
703 722 825
703 753 783
703 768 959
704 705 276
705 707 31
706 708 345
707 708 404
707 718 383
709 822 596
710 711 601
710 738 530
711 712 464
711 713 723
712 714 787
713 756 789
713 723 159
714 715 485
714 716 931
714 802 178
715 716 755
715 717 46
716 741 40
716 808 999
717 720 919
718 736 234
719 720 183
719 721 584
719 724 551
720 721 732
721 723 161
721 831 401
723 751 798
726 727 112
726 763 839
727 728 760
728 730 305
729 730 8
729 731 349
731 785 312
732 824 188
733 735 955
735 754 205
735 763 583
737 830 862
739 741 411
739 762 406
741 799 192
742 743 809
742 744 626
745 746 162
745 747 892
747 748 215
747 749 825
748 749 146
749 750 816
749 751 569
750 752 694
750 779 911
753 754 83
754 777 131
754 803 821
755 756 779
756 758 511
757 759 382
758 759 66
758 760 266
759 760 956
759 798 767
760 762 307
761 763 906
764 765 112
764 766 202
765 766 304
765 818 949
766 767 99
767 769 915
768 769 449
771 773 296
773 774 41
773 775 488
776 777 527
776 778 938
776 800 413
778 793 991
779 781 489
781 782 479
781 783 520
782 820 638
785 833 91
786 787 440
786 788 897
790 791 870
792 794 581
793 807 380
795 796 181
795 811 268
796 797 697
797 798 130
797 799 992
798 800 521
801 802 272
801 803 244
806 807 135
808 809 628
809 810 452
810 811 185
812 813 460
812 814 237
813 815 781
814 816 304
814 822 476
817 818 330
819 820 733
822 823 374
823 824 162
823 825 575
825 827 180
826 827 392
827 828 662
829 831 10
830 831 202
832 833 862
833 834 621
834 835 729
835 836 164
837 839 1
838 839 335