0 498 707
0 27 958
0 626 7
0 212 289
0 149 79
1 322 162
1 305 754
1 575 624
1 643 428
2 4 39
2 100 381
2 34 353
3 340 429
3 566 124
3 629 443
3 31 796
4 339 571
4 227 494
4 108 866
4 473 560
5 7 224
5 576 381
5 26 124
5 37 972
5 38 238
5 605 497
6 7 456
6 97 595
7 458 632
7 208 922
7 672 307
7 213 254
8 9 118
8 10 414
8 511 211
9 10 813
9 11 945
10 12 288
10 537 325
10 379 556
10 188 742
11 13 562
11 621 753
12 13 160
12 14 283
12 117 241
12 618 786
13 14 395
13 15 267
13 247 126
13 48 846
14 608 578
14 414 484
15 16 441
15 17 335
16 17 265
16 143 682
16 599 169
17 18 651
17 623 39
17 355 939
18 144 86
18 81 837
18 319 339
18 202 827
19 547 882
19 162 741
19 437 22
19 154 421
20 22 122
20 213 320
20 597 377
20 316 381
20 421 10
21 580 761
21 186 904
22 520 543
22 369 549
23 223 445
23 507 306
23 620 686
24 53 618
24 120 401
25 674 661
25 383 606
25 671 630
26 28 283
26 320 251
26 363 394
26 405 455
26 535 308
26 581 851
27 107 674
27 145 10
27 634 667
27 111 298
28 29 329
28 198 805
28 107 667
29 30 828
29 164 249
29 293 357
30 32 669
30 500 187
30 170 337
31 32 231
31 303 704
31 383 872
32 125 312
32 39 865
33 34 673
33 35 136
33 312 875
34 590 41
34 612 853
35 37 507
35 68 472
35 477 946
36 38 461
36 217 390
36 129 207
37 39 296
37 197 989
37 463 612
38 40 372
38 285 39
39 271 757
39 602 945
39 464 402
39 580 851
39 667 553
40 41 914
40 42 496
41 42 343
41 591 678
41 392 952
42 44 309
42 215 125
43 45 654
43 576 444
44 45 48
44 299 987
44 144 50
44 325 501
44 672 742
45 337 588
45 398 130
45 335 626
46 47 906
46 48 861
46 171 404
46 295 156
46 306 822
47 49 736
47 111 591
48 49 250
48 390 414
49 50 785
49 307 48
49 137 760
49 583 623
50 59 919
50 415 472
51 52 104
51 227 380
52 53 281
52 119 397
53 621 825
53 610 611
53 273 773
54 196 287
54 316 252
55 57 26
55 417 419
56 645 317
56 620 224
57 58 857
57 500 905
57 221 509
58 60 136
58 616 297
58 88 516
59 302 342
59 83 887
59 115 18
59 282 898
59 431 244
59 578 634
59 72 391
59 423 694
60 62 378
60 236 589
60 159 235
61 63 289
61 136 644
61 77 239
61 197 21
61 309 411
62 63 765
62 89 566
62 139 367
63 64 992
63 480 638
63 167 651
64 65 43
64 530 919
64 334 281
64 622 708
65 309 787
65 641 761
66 67 609
66 68 61
66 74 241
66 483 238
67 281 441
67 198 153
68 69 634
68 423 761
68 109 314
68 514 805
69 71 110
69 665 275
70 71 323
70 72 413
70 185 98
71 432 681
71 419 817
71 318 959
72 126 249
72 372 462
73 357 774
73 140 351
73 558 35
74 502 176
74 329 297
74 351 567
74 496 388
74 630 352
74 85 86
75 76 295
75 483 80
75 424 353
76 151 329
76 292 512
77 78 278
77 416 414
78 80 385
78 203 299
79 81 41
79 292 482
79 216 339
80 575 968
80 302 358
80 367 776
81 634 649
81 194 514
81 595 568
81 627 73
82 84 289
82 653 662
83 177 340
83 158 706
84 244 561
84 250 725
84 204 604
85 309 450
86 87 631
86 88 772
87 88 496
87 222 379
87 451 656
88 90 938
88 586 945
88 566 573
89 656 132
89 122 503
89 308 172
90 91 502
90 544 504
90 142 932
91 92 971
91 466 51
92 93 220
92 471 699
92 487 111
93 95 878
93 624 71
93 391 338
94 95 20
94 607 951
95 97 895
95 510 483
95 600 827
95 615 884
96 446 774
96 636 382
96 569 776
97 218 364
97 292 14
97 619 628
98 100 828
98 505 653
98 478 969
98 661 314
99 100 690
99 510 280
100 101 768
100 673 363
100 485 757
100 298 11
100 299 263
101 499 832
101 310 231
101 241 165
102 104 418
102 459 962
102 360 897
102 371 213
103 105 85
103 410 313
103 210 258
104 105 573
104 106 744
104 603 981
105 397 522
105 273 630
106 124 247
106 179 618
106 537 532
107 490 466
108 133 307
108 184 794
108 402 417
108 459 410
109 110 911
109 495 824
110 111 50
110 112 799
110 154 227
110 443 862
110 189 199
111 359 952
111 134 371
111 433 188
111 670 38
112 114 450
112 486 468
112 407 663
113 469 264
113 574 684
113 440 641
113 458 880
114 115 454
114 200 853
114 195 201
114 350 235
114 678 362
115 120 734
116 118 767
116 205 626
116 428 181
116 247 374
117 605 619
118 119 776
118 144 415
118 596 407
118 321 426
119 120 476
119 593 865
119 445 982
119 636 963
120 121 441
120 122 900
121 196 396
121 249 589
121 303 556
121 399 164
122 123 380
122 124 743
122 403 369
123 124 869
123 416 687
123 289 610
124 125 524
124 126 624
124 230 818
125 573 109
125 172 193
126 127 531
126 338 906
126 141 807
127 459 258
127 341 519
127 460 157
127 662 277
127 421 414
128 667 330
128 279 222
128 645 310
129 283 682
129 132 402
129 372 879
130 269 268
130 134 49
131 133 291
131 498 162
131 412 608
132 133 809
132 583 419
133 278 391
133 469 64
133 629 303
133 286 75
134 136 721
134 548 286
135 239 928
135 286 129
135 385 411
136 137 475
136 195 601
137 138 413
137 198 447
137 420 697
137 263 582
138 140 883
138 191 85
138 513 291
138 222 474
138 414 288
139 140 951
139 167 819
139 561 13
140 141 782
140 142 95
140 550 571
141 319 476
141 288 86
142 570 556
142 408 485
143 145 320
144 343 860
144 573 109
145 147 101
146 147 863
146 372 638
146 656 289
147 317 761
147 399 24
147 501 439
147 641 678
148 224 98
148 608 594
148 454 955
149 150 252
150 151 427
150 413 769
151 153 932
151 676 44
152 153 928
152 398 539
152 438 821
152 515 429
153 155 132
153 593 180
153 194 553
154 156 876
154 607 621
155 199 487
155 208 893
155 343 309
156 157 16
156 158 450
156 523 468
157 159 218
157 268 537
158 159 599
158 505 61
159 185 322
160 161 858
160 547 618
161 163 487
161 571 388
161 261 100
161 355 111
161 627 279
162 550 57
163 213 160
163 652 370
164 166 458
165 166 421
165 519 681
165 416 466
166 167 844
166 463 229
167 619 429
167 472 469
168 526 18
168 199 64
168 235 688
169 648 744
169 614 653
170 346 199
171 269 973
171 393 305
172 174 30
172 589 558
172 555 181
172 180 655
173 174 736
173 281 730
173 348 761
173 619 329
173 477 756
173 578 387
174 175 106
174 194 571
175 176 953
175 177 289
175 541 528
176 177 469
176 592 588
177 432 332
178 179 374
178 180 128
179 274 415
179 244 831
180 181 870
181 182 484
181 183 701
181 186 196
182 458 216
182 607 397
182 574 903
182 589 445
183 184 815
183 185 273
183 567 933
183 582 227
184 185 50
184 560 302
185 187 545
185 578 586
186 188 481
186 332 361
186 253 664
186 359 497
187 626 793
187 505 13
187 663 983
188 189 138
189 662 650
190 192 566
190 350 420
190 553 445
191 192 321
191 566 273
192 424 680
192 267 680
193 194 543
193 361 221
193 642 879
194 481 4
195 461 892
195 273 187
195 618 232
196 481 272
196 473 362
198 200 867
198 300 527
199 200 826
199 201 842
200 388 440
200 498 248
200 468 954
200 655 55
201 202 607
201 203 675
201 395 282
202 203 106
203 205 113
203 563 204
204 205 448
205 553 9
205 421 200
205 659 544
206 208 57
206 286 229
206 357 903
207 208 808
207 209 789
207 377 924
208 593 168
208 294 901
209 257 14
209 459 729
210 212 17
211 543 83
211 365 855
212 213 416
212 214 259
213 214 984
213 235 842
214 492 437
214 232 591
215 217 738
215 415 127
216 678 227
216 611 902
216 649 953
217 387 793
217 575 606
218 220 77
218 456 809
218 537 420
219 220 414
219 221 455
220 529 911
220 348 593
221 554 954
221 345 485
222 223 129
222 622 733
223 662 526
223 301 945
223 568 11
223 600 731
224 225 768
224 528 312
224 623 823
224 275 317
225 512 679
225 534 697
226 602 176
226 297 769
226 483 969
227 228 205
227 598 686
227 295 91
227 560 300
228 293 911
228 533 745
228 583 935
229 230 33
229 300 818
229 602 547
229 328 493
230 232 217
230 244 125
231 232 5
231 538 166
231 575 708
231 665 793
231 400 156
231 591 393
232 233 922
232 370 912
233 234 604
233 235 912
234 235 847
234 236 990
235 240 802
236 472 868
236 310 771
237 238 701
237 239 172
238 239 87
238 447 88
238 548 476
238 474 953
238 557 376
239 240 105
239 241 442
239 280 548
239 508 182
240 242 810
241 242 140
241 524 944
241 559 32
242 244 737
242 346 765
242 457 82
242 654 110
243 245 611
243 583 213
245 246 630
245 247 874
245 283 665
246 247 69
246 352 927
246 580 409
246 608 176
248 673 579
248 262 158
248 518 902
249 251 757
249 271 175
250 615 198
250 265 353
250 288 161
251 253 26
251 345 47
252 253 293
252 564 264
253 313 285
253 358 51
254 255 538
254 439 47
254 532 631
255 257 20
255 663 355
255 604 329
256 348 134
256 628 224
256 530 829
257 259 220
257 679 319
257 634 400
258 260 37
258 501 481
258 624 965
259 260 953
259 261 116
259 543 959
260 261 781
260 262 579
260 274 904
261 293 627
261 289 474
262 500 910
262 584 528
262 396 141
263 264 62
264 367 223
264 381 404
264 488 679
265 267 208
265 461 86
265 638 444
266 267 932
266 268 991
267 268 455
267 269 2
267 333 239
268 270 169
268 276 335
268 306 878
268 640 559
269 453 853
270 408 355
270 405 160
271 272 974
271 317 555
271 488 712
271 668 425
272 273 175
272 274 327
272 472 165
273 319 631
273 651 465
274 276 375
274 598 425
274 613 360
275 277 128
275 467 272
276 640 523
276 311 611
276 324 966
277 279 979
277 643 160
278 516 316
278 642 907
278 669 888
278 641 655
279 280 521
279 317 576
279 297 169
279 380 392
279 614 170
280 282 10
280 464 759
280 442 563
281 283 872
281 524 660
282 547 304
282 480 521
283 285 554
284 286 940
284 612 272
285 287 824
286 287 730
286 527 501
287 288 730
287 429 383
287 594 541
288 290 655
288 613 606
289 290 421
289 514 734
289 519 737
289 613 44
290 415 474
290 425 318
291 293 443
291 562 418
291 368 433
292 493 879
292 540 554
292 528 59
293 602 655
294 518 776
296 297 678
296 645 810
297 647 973
298 583 922
299 667 749
299 453 877
300 531 424
301 488 2
301 659 929
301 674 919
302 303 974
302 491 786
302 490 763
303 653 545
304 305 833
304 306 888
304 359 462
305 423 684
306 422 659
307 670 381
307 626 904
308 587 687
308 418 446
309 534 223
310 311 441
310 461 492
311 313 540
311 326 745
312 516 208
312 543 597
313 315 773
313 619 505
314 315 909
314 340 718
314 403 814
315 317 802
315 588 45
315 579 689
316 317 439
316 439 777
317 318 832
317 319 951
317 643 948
318 319 531
319 509 718
319 488 234
320 483 568
321 322 524
321 323 291
321 447 422
321 485 185
322 324 736
322 374 251
323 325 430
323 548 913
324 325 362
324 326 868
325 326 343
326 328 447
327 329 60
327 339 513
328 329 671
329 331 871
330 331 124
330 438 239
331 333 819
331 614 120
332 334 706
333 424 852
334 335 47
334 415 132
335 386 785
336 337 664
336 498 61
337 338 325
337 674 245
337 427 595
338 340 254
339 340 12
339 341 666
339 393 611
340 342 706
340 463 980
340 518 457
340 450 517
341 343 730
341 423 190
341 456 271
342 343 384
342 344 14
343 344 285
344 517 147
344 348 125
345 347 596
345 525 630
346 347 640
346 646 355
347 586 426
347 620 886
347 503 693
347 562 948
348 668 547
348 498 510
349 350 441
349 511 975
350 351 563
351 405 943
351 481 371
351 551 292
351 660 215
352 354 371
352 465 546
353 354 256
353 355 708
353 611 63
354 356 905
354 489 981
354 571 679
356 357 550
356 358 266
356 484 216
357 359 952
357 364 845
358 360 216
360 362 792
360 545 588
361 363 319
362 411 965
362 579 757
363 364 292
364 365 939
364 621 945
364 467 594
365 367 725
365 643 78
365 374 402
365 607 634
366 591 363
366 418 106
367 368 653
367 556 917
368 434 484
368 455 300
369 540 904
369 516 776
369 451 340
369 633 687
370 371 471
370 372 52
370 586 412
371 643 407
371 428 165
373 374 647
373 623 295
373 532 104
374 375 460
374 442 775
375 376 256
375 377 806
375 531 784
376 378 775
376 573 15
376 494 133
377 426 143
378 379 729
378 380 363
378 587 680
378 466 715
378 482 3
379 626 391
379 489 867
380 520 934
381 460 552
382 605 690
382 609 995
383 384 881
383 385 232
384 385 546
384 386 851
384 536 775
385 386 135
386 388 770
386 594 257
387 389 971
387 449 971
387 508 536
388 527 227
388 496 441
389 390 705
389 617 735
390 499 149
391 408 51
391 522 993
392 416 116
392 594 435
393 394 197
394 472 657
394 625 587
394 549 498
395 396 892
395 479 482
395 499 174
395 590 608
396 397 692
397 398 106
397 399 699
398 400 523
400 402 750
400 637 142
400 632 219
401 402 704
401 403 605
402 403 934
404 405 924
404 489 556
404 484 230
404 468 82
406 408 179
406 615 94
407 409 233
407 639 352
408 410 417
408 665 655
409 410 674
409 597 911
410 411 614
410 412 582
410 466 500
410 577 458
411 412 914
411 428 3
412 414 369
412 495 316
413 414 881
413 415 169
414 415 732
414 517 74
415 416 95
416 440 723
416 528 531
417 418 907
417 446 883
417 582 860
418 420 851
419 421 839
419 601 352
420 422 845
420 559 264
421 553 196
421 588 595
422 594 433
424 425 742
424 426 294
424 449 921
425 427 785
425 601 201
426 484 254
426 588 926
427 429 519
427 477 745
428 515 569
429 431 698
429 656 172
430 431 323
430 584 989
431 433 473
431 599 439
432 433 120
432 534 73
433 435 417
434 436 141
435 437 545
435 644 129
436 438 825
436 672 919
437 439 25
437 487 627
437 565 448
438 678 961
441 442 896
441 444 593
443 453 145
444 445 426
444 534 120
444 495 8
445 446 257
445 447 912
446 448 20
447 650 179
448 450 396
448 534 298
448 507 299
449 625 521
449 664 426
450 451 82
451 452 768
451 672 569
452 453 535
452 454 792
453 454 962
454 455 955
455 456 217
455 457 150
456 457 466
457 459 880
457 676 651
458 556 491
459 460 158
460 462 175
460 574 350
460 567 141
461 631 993
461 667 13
462 463 450
462 551 86
463 607 121
464 466 379
464 491 224
465 622 609
467 626 339
468 469 846
469 471 327
469 676 183
469 499 249
470 673 552
470 490 685
471 635 648
472 608 858
473 578 981
473 646 332
474 475 892
474 614 259
475 476 611
475 567 439
476 477 879
476 478 671
477 478 341
478 479 870
479 481 74
480 482 150
481 483 866
482 497 742
483 554 282
484 486 591
484 652 929
485 486 208
485 638 448
486 487 876
486 488 916
487 542 848
487 545 285
490 603 643
492 494 832
492 614 199
493 495 166
493 529 75
494 495 482
495 557 257
496 671 702
497 498 552
497 565 133
497 605 440
498 552 130
500 502 800
501 563 777
502 504 95
502 675 110
502 565 288
503 504 541
504 505 248
504 506 379
504 544 782
505 636 594
505 587 842
506 508 972
506 649 325
507 509 150
508 546 153
509 511 905
509 538 461
510 511 912
510 512 808
511 532 213
512 513 716
512 642 983
513 515 403
515 517 546
515 637 175
516 637 555
516 669 289
517 521 822
518 520 434
519 527 759
520 521 312
520 522 438
521 523 369
521 614 146
522 625 882
523 525 526
525 527 122
526 528 529
526 644 554
529 530 333
530 531 955
532 533 853
533 535 991
534 536 122
534 569 771
535 536 557
535 655 190
536 537 618
537 539 589
538 540 351
538 628 699
539 540 785
539 541 466
540 624 245
541 543 990
542 544 403
544 670 60
545 547 687
545 660 513
546 547 905
547 549 624
548 631 358
549 550 785
549 601 143
550 552 163
551 552 544
551 553 882
552 554 148
553 554 418
554 572 531
555 557 4
556 673 558
558 561 551
559 639 71
561 660 735
562 598 459
562 616 625
563 604 676
563 629 88
564 565 553
564 566 189
567 662 863
568 569 546
568 570 674
568 573 502
568 677 360
569 570 654
569 592 668
570 571 621
570 572 345
571 572 535
572 573 133
572 574 938
575 577 140
576 625 291
576 587 7
577 579 962
579 580 569
580 632 238
581 582 595
582 660 228
584 586 800
584 657 65
584 629 274
585 586 717
585 601 800
587 589 745
588 590 942
589 590 978
590 592 718
591 592 884
592 593 326
593 595 723
594 665 942
594 664 990
595 596 765
596 603 511
597 599 703
598 666 544
599 600 442
601 602 535
602 604 842
603 605 7
604 606 337
605 631 378
606 607 609
606 608 823
606 679 738
607 608 556
609 610 396
609 611 404
610 611 409
610 612 963
610 674 269
612 613 792
612 666 527
614 647 266
615 616 189
616 618 479
617 618 828
617 619 288
619 621 107
619 671 765
620 621 106
621 623 480
623 625 486
624 626 657
625 627 860
625 635 163
626 628 396
628 630 724
628 675 981
629 678 952
630 632 910
633 634 458
635 636 151
637 670 619
640 641 211
641 642 796
642 644 618
644 645 881
644 646 489
645 646 322
646 647 402
648 649 622
648 650 739
649 651 693
650 651 422
651 653 61
652 654 576
653 655 662
654 665 877
657 658 947
657 659 651
658 659 60
658 669 431
661 676 163
663 664 398
663 669 927
664 665 269
665 667 488
666 668 411
668 669 975
673 675 844
674 679 970
675 676 273
677 678 210