0 198 175
0 168 653
0 229 436
0 69 646
0 254 756
1 13 195
1 229 896
2 27 34
2 182 871
3 5 990
3 96 53
3 27 334
4 5 749
4 6 416
4 55 375
4 126 555
4 154 429
5 6 301
5 7 844
5 160 942
6 158 590
6 84 349
6 227 730
6 173 267
7 193 335
7 195 631
7 216 46
7 83 516
7 217 798
8 189 822
8 240 635
8 20 421
9 52 31
9 14 120
9 255 368
10 12 240
10 278 917
10 273 262
11 12 127
11 70 578
11 17 425
12 14 481
12 162 955
12 203 350
12 118 301
13 248 811
13 22 670
13 139 559
13 116 786
13 173 390
14 16 190
14 21 308
14 112 825
15 16 666
15 45 159
16 17 780
16 18 975
16 136 415
16 189 616
17 273 59
17 257 432
17 139 435
17 192 272
18 298 709
18 120 86
18 188 90
18 44 703
19 20 130
19 284 154
19 104 290
20 21 106
20 88 387
21 23 376
21 53 176
22 39 739
22 203 599
23 24 502
23 25 572
23 59 879
23 92 852
23 256 100
23 280 665
24 25 424
24 156 144
25 235 454
25 240 432
25 61 905
26 27 659
26 220 573
26 174 993
26 127 737
27 110 854
27 244 602
27 234 488
27 47 522
27 287 594
28 190 263
28 111 938
28 226 761
29 136 244
29 161 456
29 72 31
30 32 325
30 181 69
30 270 528
30 38 702
31 171 150
31 224 458
31 157 859
31 104 698
31 187 535
32 33 131
32 47 271
32 239 13
32 90 144
33 35 734
33 155 125
33 74 661
33 241 684
34 273 319
34 257 193
34 106 534
35 37 136
35 125 680
36 37 817
36 192 73
36 235 9
36 166 843
37 38 617
37 42 79
38 104 957
38 285 949
38 218 308
38 222 664
39 237 643
39 290 366
39 269 15
40 164 919
40 224 782
41 215 726
41 148 282
42 230 110
42 229 705
43 105 756
43 250 849
43 64 594
44 46 3
44 287 28
44 171 385
44 260 414
45 46 372
45 47 284
46 47 870
46 109 873
46 198 976
46 142 398
47 60 268
47 50 920
48 49 697
48 197 891
48 157 956
48 165 665
49 50 751
49 73 640
49 211 78
50 167 158
50 258 560
51 53 81
51 139 521
51 194 815
52 172 697
52 201 34
52 107 235
53 55 453
53 204 185
54 265 745
54 117 200
55 57 267
55 98 147
56 57 335
56 270 435
57 59 457
57 81 454
58 59 582
58 60 533
59 86 902
59 99 181
59 285 388
60 62 598
61 261 534
61 71 423
62 237 695
62 220 771
63 299 792
63 293 994
63 102 301
64 65 963
64 86 219
64 253 41
65 67 485
65 101 866
65 228 328
66 67 712
66 68 665
67 68 786
67 112 799
68 70 690
68 159 382
68 148 445
68 94 232
69 70 350
69 71 77
70 71 790
70 277 145
70 209 823
70 105 138
71 198 669
72 73 979
72 197 899
73 254 402
74 76 653
74 198 250
75 288 265
75 297 284
76 77 755
76 78 839
76 90 10
77 78 618
77 79 258
78 79 28
78 122 373
79 80 638
79 81 790
79 282 646
80 81 137
80 82 7
80 186 939
80 221 335
81 82 21
81 267 599
82 269 709
82 127 994
82 203 97
83 116 413
84 86 680
84 181 989
84 245 604
85 86 849
85 155 736
85 242 417
85 94 904
85 95 791
86 88 41
86 93 849
86 228 544
87 88 73
87 191 235
87 288 650
88 140 416
88 243 224
88 156 821
89 127 454
89 239 577
89 195 463
90 123 933
91 207 519
91 261 59
92 230 818
92 279 302
92 188 397
92 108 35
92 125 980
93 147 893
94 127 462
95 96 273
96 97 774
96 98 65
97 98 198
97 227 781
98 222 101
98 237 991
98 191 81
99 100 641
99 200 129
99 212 149
99 297 45
100 101 26
100 102 560
100 173 662
100 283 835
100 299 721
101 103 794
101 162 26
101 174 197
102 287 153
103 183 601
103 251 883
104 105 884
105 106 89
105 185 314
106 137 284
107 245 706
108 109 281
109 111 721
110 233 68
111 112 587
111 113 22
111 187 813
112 114 780
112 133 928
113 114 119
113 246 47
113 216 117
113 295 969
114 115 68
114 171 959
114 225 539
115 117 990
115 131 657
116 283 297
116 240 672
117 218 478
117 183 866
117 237 608
118 188 634
119 267 45
119 120 157
119 212 651
120 206 381
120 283 670
121 122 725
121 137 186
122 124 450
122 291 578
122 250 321
122 267 197
123 164 25
123 156 904
124 125 581
124 126 620
124 152 292
125 126 498
126 154 29
127 147 835
128 130 754
128 250 474
128 189 214
128 172 609
128 279 423
129 130 981
129 136 474
129 256 853
130 132 835
130 154 592
130 247 662
131 133 177
131 213 393
132 134 91
132 195 649
133 134 40
134 135 745
134 187 859
135 136 453
135 137 926
136 232 345
137 139 705
137 295 62
137 186 263
138 140 962
138 188 815
140 282 706
140 248 300
140 202 300
141 225 313
141 280 21
142 218 37
142 274 128
143 144 263
143 264 201
144 146 619
144 293 10
145 146 403
145 222 301
146 147 126
146 148 201
146 200 650
147 162 207
148 150 897
149 286 379
149 183 500
150 152 846
150 168 479
151 153 586
151 292 559
152 261 7
153 200 409
153 226 344
153 190 185
154 234 42
155 157 257
155 208 933
156 158 574
156 203 592
157 283 376
158 159 526
158 160 764
159 160 769
159 181 708
159 278 111
160 228 72
160 166 225
161 163 343
161 297 588
162 163 820
162 251 898
162 174 67
163 164 656
163 165 25
164 166 761
164 204 142
165 166 138
166 273 916
166 270 364
167 168 334
167 169 39
168 215 672
169 170 75
169 221 891
169 238 284
169 175 398
169 232 339
170 171 24
170 172 697
171 279 299
172 173 577
173 276 450
173 281 906
174 287 205
175 177 285
175 198 176
176 177 192
176 178 634
177 206 575
177 271 85
178 179 338
178 180 83
179 181 735
179 183 484
180 181 919
180 182 832
182 183 350
182 218 697
182 275 882
182 248 611
183 184 864
183 265 539
184 186 420
184 252 538
184 291 944
184 197 220
185 187 245
185 249 478
188 251 598
190 191 761
190 192 917
190 262 451
191 192 78
191 193 816
192 211 631
193 194 914
193 198 644
194 290 300
195 213 418
196 197 654
196 198 911
197 198 675
198 199 744
199 212 92
199 285 568
200 266 35
201 225 266
201 281 14
201 202 945
202 203 753
203 259 828
204 232 694
205 230 897
205 233 369
205 260 18
206 207 606
206 208 794
207 256 633
207 222 910
208 210 593
208 299 392
209 211 946
209 249 17
209 264 910
210 212 366
210 220 735
211 212 753
213 215 980
214 215 796
214 216 878
215 216 7
215 217 794
215 278 876
216 229 388
217 218 73
219 220 222
219 239 650
220 222 941
220 240 179
221 225 2
222 292 206
223 224 358
223 225 572
224 233 387
225 227 187
225 275 332
225 293 571
226 246 521
227 242 5
229 231 269
230 232 807
231 232 877
231 240 797
232 233 102
233 234 533
233 235 965
233 274 610
234 235 901
234 236 216
235 237 606
236 271 176
236 266 779
238 240 203
239 241 47
241 242 441
242 289 190
243 245 918
244 246 240
244 252 370
245 246 106
246 247 319
247 248 436
249 250 199
250 251 383
251 252 804
251 253 802
252 253 321
253 254 429
253 296 827
254 255 753
254 282 808
255 256 824
255 257 581
256 277 37
257 259 194
258 259 910
259 261 958
261 262 122
261 263 664
262 264 989
263 264 863
263 265 833
264 265 427
265 266 329
265 292 219
266 276 781
267 268 103
268 269 139
268 270 814
269 270 41
269 271 665
269 280 515
271 272 682
271 273 920
271 298 826
272 273 585
272 285 667
273 289 555
275 276 484
276 277 437
278 279 82
281 282 646
282 295 175
284 286 213
286 287 331
286 288 655
288 289 960
289 290 901
290 292 886
291 293 684
292 294 528
293 294 104
294 295 115
294 296 396
296 297 252
298 299 605