0 238 237
0 224 274
0 184 557
0 199 861
1 3 844
1 72 478
2 54 63
2 232 404
2 126 260
2 173 41
3 4 100
3 27 773
3 155 971
4 6 881
4 201 422
4 32 566
5 6 371
5 56 215
5 197 755
6 233 497
6 164 656
6 39 187
7 8 592
7 104 527
7 155 127
8 10 550
8 136 304
8 35 849
9 10 614
9 60 5
9 13 170
10 11 772
10 12 630
10 49 810
10 215 122
11 17 292
11 28 51
11 170 4
11 106 53
12 185 8
12 105 137
13 214 863
13 135 539
13 99 635
13 190 405
14 15 816
14 220 47
15 16 594
15 17 330
16 174 146
16 98 453
17 172 53
17 39 764
17 209 459
18 238 435
18 213 811
18 27 931
18 98 836
19 160 671
19 20 559
19 22 739
19 91 283
20 21 25
20 22 317
21 23 719
21 228 33
21 129 614
22 158 722
23 175 628
23 117 127
23 61 40
23 226 782
23 230 686
24 95 38
24 161 627
24 88 403
25 27 591
25 78 40
25 225 162
26 50 674
26 134 298
26 188 45
26 217 993
26 91 946
28 116 558
28 180 352
29 31 730
29 177 284
29 217 788
29 234 30
30 47 875
30 199 303
31 32 689
31 74 276
31 118 20
31 117 390
32 34 888
32 138 292
33 181 245
33 175 736
34 36 802
34 223 546
34 187 630
34 214 30
34 211 556
35 36 376
35 163 404
36 37 788
36 38 841
36 135 480
37 39 62
37 170 289
37 211 77
38 94 972
38 167 396
39 41 98
39 69 95
40 114 667
40 191 824
41 42 420
41 190 286
41 49 172
42 167 36
42 204 962
42 229 168
43 44 211
43 45 476
44 45 630
44 84 420
45 123 10
45 155 895
45 195 328
45 109 513
45 130 453
46 209 368
46 167 794
46 219 993
47 81 488
47 79 294
47 172 263
47 212 977
47 213 484
48 49 187
48 234 682
49 176 546
50 51 475
50 111 948
51 53 737
51 197 891
51 118 748
52 53 428
52 183 251
52 76 189
53 54 810
53 178 966
53 169 392
53 90 633
54 56 920
54 174 698
55 120 420
55 142 588
56 58 593
56 166 464
57 58 813
57 202 634
58 182 903
58 170 246
59 60 63
59 102 453
59 165 645
60 111 988
60 167 381
61 229 686
61 235 827
62 156 825
62 199 812
63 65 592
63 211 873
63 120 229
64 158 43
64 203 254
64 93 873
65 106 998
65 89 811
65 126 853
66 67 689
66 68 96
66 76 144
67 69 748
67 222 642
67 112 70
67 235 697
68 70 438
68 145 29
68 102 619
68 126 607
69 100 227
69 89 775
70 236 295
70 195 569
71 73 572
71 149 78
71 78 213
72 73 95
72 74 31
73 75 25
73 163 179
74 78 344
74 154 873
75 76 587
75 77 943
76 77 624
77 78 83
77 79 302
77 111 983
78 226 278
79 217 52
80 81 835
80 182 679
80 108 783
81 83 248
81 208 843
82 83 864
82 184 18
82 160 867
83 84 24
83 85 238
84 85 985
84 107 389
85 87 749
85 235 479
85 187 321
86 87 186
86 88 771
87 88 596
87 89 109
87 191 775
88 171 973
89 176 966
89 199 344
89 141 152
89 172 745
90 91 62
91 92 611
91 121 568
91 128 453
91 229 545
92 93 778
92 180 736
92 223 512
92 191 824
93 94 585
93 190 444
93 131 940
94 209 565
94 206 809
94 150 817
95 97 47
95 158 647
95 96 417
96 97 501
97 99 293
97 105 74
97 206 202
98 99 609
98 140 162
99 100 440
100 101 355
100 102 179
101 102 156
101 187 829
102 103 252
103 104 116
103 105 274
104 121 781
105 228 349
105 145 49
105 174 617
106 176 304
106 192 645
107 108 458
107 224 517
108 109 724
108 201 843
108 123 834
108 124 441
109 146 411
110 112 280
110 160 954
110 149 599
110 213 589
110 219 709
110 146 243
110 147 458
112 216 85
113 114 997
113 115 894
113 126 141
114 116 498
114 135 777
115 133 467
115 174 392
116 129 808
117 179 142
118 195 755
119 121 285
119 168 74
119 141 6
119 165 313
119 210 900
120 196 504
120 172 40
120 144 214
121 206 975
122 153 567
122 127 262
123 124 600
123 125 573
124 150 656
124 230 524
124 175 223
125 126 924
125 185 78
127 129 835
127 199 940
128 130 484
128 180 893
129 130 337
130 131 801
130 233 216
130 236 394
131 132 188
132 134 194
132 163 449
133 135 550
133 140 301
133 195 423
134 234 701
135 137 970
136 137 846
136 166 5
136 172 656
136 154 104
137 201 394
137 208 133
138 225 550
139 140 702
139 177 195
140 141 88
140 209 985
142 143 195
142 144 575
143 182 683
143 207 779
143 236 484
144 170 46
145 147 738
145 191 775
146 147 846
146 224 748
147 171 25
147 174 8
148 149 685
148 150 393
148 207 401
148 221 225
149 151 949
150 151 815
151 152 970
151 153 772
152 153 977
152 204 113
152 154 409
153 154 723
153 225 559
154 168 543
155 157 855
155 185 620
156 158 970
156 175 505
157 158 800
157 221 706
158 159 366
158 200 37
158 198 914
159 161 672
159 227 977
160 161 958
161 162 479
161 163 910
161 218 15
162 163 606
162 219 179
162 203 512
163 164 781
164 218 98
167 169 237
168 169 79
168 170 309
169 171 39
169 206 958
170 172 802
170 209 175
171 172 914
171 218 601
171 176 978
173 176 353
174 180 14
175 176 115
177 228 292
177 180 207
177 179 580
177 237 934
178 180 928
179 180 365
180 202 916
181 182 736
181 202 534
182 187 288
182 193 239
183 185 515
183 233 972
183 239 339
184 185 372
184 186 848
185 186 867
185 216 11
186 187 414
186 188 736
186 192 362
188 190 131
189 190 962
189 210 960
190 229 615
193 194 735
193 202 354
194 211 988
194 226 300
195 197 747
196 198 45
197 198 469
197 199 403
198 233 632
198 201 746
200 236 766
201 203 224
204 206 128
205 206 297
205 235 493
206 208 448
207 209 89
207 222 74
208 209 582
208 210 976
209 210 170
209 212 22
210 211 695
210 221 670
212 231 401
214 216 92
215 216 352
216 218 664
218 220 337
218 239 284
219 221 835
220 221 555
220 222 103
222 224 166
223 231 266
224 225 901
225 227 379
227 228 348
227 229 268
228 229 159
228 230 942
231 233 592
232 234 903
234 235 852
237 238 168
238 239 799