0 1 565
0 513 635
1 787 938
1 184 726
2 4 367
2 163 722
2 77 270
2 197 468
2 738 656
3 5 8
3 152 831
4 494 532
4 193 649
4 293 160
4 362 458
5 6 71
5 567 552
5 589 791
6 8 225
6 620 197
6 411 957
7 8 360
7 132 983
8 10 203
8 234 245
9 10 356
9 565 993
9 897 391
10 419 509
10 114 175
11 303 711
11 892 376
11 622 400
11 791 325
12 13 514
12 162 182
12 691 375
12 143 663
13 15 988
13 830 963
13 791 36
13 843 447
13 481 574
14 338 517
14 734 54
14 194 931
15 17 609
15 190 440
16 354 765
16 74 967
16 442 773
16 850 91
17 671 176
17 165 377
17 501 940
17 655 609
18 535 111
18 556 971
18 220 113
19 566 404
19 557 836
19 138 137
20 21 514
20 479 73
21 23 654
21 198 272
21 507 446
21 518 44
22 23 133
22 200 521
23 690 740
23 428 842
24 745 237
24 290 8
24 599 840
25 401 651
25 36 242
25 691 527
26 27 898
26 515 612
27 875 113
27 606 10
27 747 76
28 399 78
28 451 106
29 31 893
29 114 806
29 530 194
29 58 262
29 764 965
30 31 756
30 106 516
30 683 232
30 131 486
31 603 764
31 83 858
32 33 295
32 500 942
32 776 492
33 35 520
33 693 471
33 485 914
33 845 189
33 860 159
34 402 472
34 847 960
34 241 820
35 36 889
35 37 989
35 284 83
35 309 174
35 343 133
35 823 913
36 445 955
37 38 375
37 39 765
38 39 328
38 704 132
38 473 33
38 273 729
38 563 393
39 40 631
39 41 15
40 42 957
40 378 977
40 577 437
41 510 449
41 243 274
41 624 524
42 44 530
42 753 407
42 746 109
43 45 269
43 468 370
43 875 926
43 604 164
44 45 955
44 636 642
45 46 47
45 321 106
46 47 291
46 131 344
46 312 410
46 307 906
46 478 390
46 610 953
47 458 666
47 96 991
47 248 756
47 679 72
47 229 215
47 387 115
48 50 68
48 153 751
48 865 824
48 491 268
49 50 165
49 246 383
49 564 596
49 317 694
50 52 379
50 822 704
51 53 80
51 647 496
51 472 510
51 815 832
52 470 780
52 418 817
53 55 875
53 330 91
53 655 325
54 56 481
54 150 939
54 371 179
55 57 40
55 212 276
55 495 770
55 880 199
56 57 925
56 225 38
56 726 643
56 589 76
57 58 645
57 435 421
57 639 887
57 303 350
58 59 539
58 209 148
59 241 632
59 562 723
59 487 315
60 61 57
60 588 356
60 144 816
60 74 215
61 101 887
61 318 346
62 331 305
62 803 947
63 65 63
63 560 197
64 688 92
64 365 641
65 67 101
65 331 794
65 849 874
66 67 195
66 68 980
67 68 488
67 425 339
67 303 732
67 666 440
68 217 496
68 857 94
69 70 528
69 93 771
69 719 445
69 659 338
70 310 603
70 213 549
70 338 886
70 528 986
71 72 721
71 637 869
71 834 22
71 311 248
72 73 582
72 558 114
72 672 668
73 75 703
73 718 261
74 653 522
74 810 157
74 164 724
75 76 504
75 77 837
76 126 163
76 379 687
76 210 815
77 463 446
78 840 852
78 202 929
78 144 686
79 81 830
79 202 440
79 782 82
79 837 35
79 586 194
80 352 614
80 366 473
81 82 281
81 393 859
81 590 938
82 695 262
82 614 888
83 275 671
83 384 530
83 283 428
84 85 432
84 523 216
85 86 520
85 395 99
85 785 513
85 321 498
85 847 916
86 87 678
86 328 230
86 128 179
87 88 736
87 89 862
87 238 380
88 89 687
88 775 75
88 109 977
88 489 375
89 91 746
89 425 309
89 600 504
90 91 908
90 656 142
90 695 310
91 92 549
91 93 414
91 115 340
92 784 248
92 841 962
93 203 558
94 892 941
94 668 401
95 96 143
95 509 946
95 786 423
96 121 61
96 657 102
96 822 296
97 99 593
97 619 234
97 802 151
97 269 786
98 99 477
98 156 447
98 621 309
98 858 648
98 279 216
99 101 522
99 425 216
99 249 380
99 223 445
100 102 129
100 437 87
100 655 358
100 720 475
100 728 765
100 511 163
101 142 899
101 803 745
101 282 578
102 104 488
102 204 570
102 644 73
103 105 255
103 737 48
103 202 353
103 673 209
104 186 329
104 379 473
104 851 148
104 304 354
104 403 9
104 818 663
105 106 468
105 376 988
105 140 319
106 108 349
107 108 365
107 690 149
108 110 548
108 473 404
108 608 165
109 743 280
109 166 485
109 239 66
109 547 298
110 662 956
110 242 733
110 710 217
111 201 540
111 203 841
111 432 405
111 396 420
111 382 425
111 417 188
112 113 119
112 418 809
112 584 382
113 114 912
113 147 466
113 778 992
114 115 269
114 598 687
115 494 101
115 125 790
115 257 789
115 760 395
116 130 726
116 899 791
117 119 396
117 854 458
117 767 263
117 232 140
118 119 696
118 422 553
119 121 46
119 793 794
120 363 835
120 475 222
120 736 658
121 123 942
121 772 247
122 737 423
122 461 339
122 832 560
122 837 182
123 125 62
123 755 342
123 663 866
123 401 645
123 779 997
124 126 532
124 282 602
124 394 595
124 896 542
125 433 93
125 600 928
125 726 40
126 127 326
126 135 654
126 650 455
127 776 211
127 887 533
127 173 911
128 129 818
128 130 41
128 471 211
129 518 811
129 393 852
129 263 890
130 291 354
130 347 76
130 212 54
130 768 697
131 265 459
131 459 92
132 259 418
132 770 540
132 817 89
133 374 135
133 370 133
134 135 553
134 342 81
134 860 948
135 362 702
135 487 617
136 310 674
136 692 313
137 138 496
137 309 448
138 139 891
138 411 324
139 140 120
139 219 553
140 142 328
140 651 884
141 142 882
141 143 730
141 302 797
142 144 318
142 380 981
143 896 157
143 248 779
144 613 39
145 742 191
145 445 105
145 460 863
145 433 205
146 148 940
146 725 910
147 148 710
147 624 999
148 336 439
148 864 522
148 411 238
149 150 398
149 151 122
149 657 677
150 152 791
150 792 594
150 785 982
151 153 675
151 195 99
152 154 116
152 675 544
152 727 669
152 534 721
153 433 33
153 782 260
154 156 392
154 786 29
155 156 346
155 840 637
156 827 317
156 607 404
157 837 957
157 354 818
158 159 428
158 160 598
158 264 87
158 453 435
158 898 340
159 339 202
159 168 559
159 877 336
160 161 516
160 162 230
160 841 345
161 162 7
161 487 358
161 822 745
161 311 310
162 164 658
163 527 348
163 777 769
163 793 472
164 258 663
165 752 7
165 821 424
166 682 922
167 168 431
167 870 166
167 227 148
167 800 989
168 170 346
168 732 93
168 172 452
169 361 524
169 800 769
169 469 55
170 171 612
170 596 759
171 663 419
171 517 890
172 180 545
173 351 232
173 542 593
174 175 873
174 176 293
174 509 786
174 356 649
174 885 674
175 433 67
175 819 418
175 556 33
176 547 791
176 667 39
177 178 323
177 179 232
177 708 316
178 180 879
178 660 477
178 379 456
178 798 816
179 330 629
179 274 359
179 673 873
179 675 218
179 578 61
180 540 406
180 509 924
181 183 451
181 736 76
181 829 406
182 183 248
182 627 26
182 408 48
183 184 269
183 289 406
183 238 176
183 828 148
184 185 157
184 869 875
184 348 215
185 187 467
185 657 568
185 397 217
185 499 892
185 486 525
186 472 940
186 430 785
187 188 93
187 189 870
187 650 365
188 276 754
188 485 641
188 779 178
188 243 99
188 245 30
188 487 770
188 761 591
189 703 544
189 492 51
189 683 843
190 191 329
190 724 614
190 885 595
190 416 293
190 679 720
190 830 616
191 584 92
191 709 678
191 336 640
191 899 418
192 193 674
192 550 541
193 195 478
193 278 555
193 843 336
194 195 935
194 585 661
194 506 106
195 196 987
195 613 177
195 743 723
196 197 98
196 198 868
196 614 617
197 198 696
197 680 950
197 454 98
198 200 629
198 775 395
198 863 347
199 472 677
199 287 621
199 350 487
199 766 86
200 201 623
200 202 186
200 521 429
200 333 46
201 202 524
201 203 435
201 211 645
202 804 809
203 205 566
204 462 592
204 519 787
205 792 8
205 240 884
206 207 656
206 532 482
206 666 805
206 348 558
207 208 677
207 209 820
208 505 599
208 772 10
208 440 487
208 540 512
209 841 663
209 296 31
209 617 628
210 211 934
210 398 995
210 850 526
211 591 364
212 213 735
212 399 262
213 844 526
213 510 8
213 562 82
214 286 449
214 708 92
215 264 210
215 404 626
215 822 840
215 324 783
216 217 522
216 263 916
217 242 584
217 374 717
217 287 679
218 219 435
218 220 280
218 576 177
219 220 75
219 267 943
219 456 643
219 820 3
219 481 313
220 458 995
221 222 27
221 693 23
222 223 968
222 224 483
223 224 847
223 641 521
224 226 514
224 464 749
224 596 477
224 719 58
225 454 966
225 256 686
225 438 220
226 228 873
226 791 851
226 781 413
226 415 48
227 368 597
227 351 595
228 230 701
228 360 304
228 779 441
229 609 485
230 816 495
230 318 225
230 659 862
230 548 741
231 232 46
231 757 501
231 761 588
231 576 185
232 233 611
233 234 271
233 647 826
233 279 428
234 235 292
234 295 471
234 686 552
234 749 893
235 236 743
235 237 165
235 867 644
236 237 532
236 464 250
236 774 281
237 690 153
237 298 343
238 240 862
239 747 709
240 241 587
240 242 831
240 536 637
241 391 247
241 582 180
242 244 524
242 340 803
242 493 285
242 520 121
243 466 70
244 246 929
244 729 9
244 275 670
244 355 397
245 523 847
245 747 42
246 248 956
246 634 290
247 859 813
247 373 655
247 541 309
248 250 607
248 613 766
248 624 730
249 251 956
250 251 692
250 378 820
250 863 340
251 253 392
251 388 402
252 253 409
252 254 634
252 279 832
253 254 982
253 255 953
253 402 27
254 255 85
254 256 879
254 557 363
255 256 624
255 257 224
255 862 558
256 257 160
257 259 540
257 313 459
258 260 700
258 415 132
258 268 752
258 350 390
258 515 765
259 260 44
259 791 333
259 339 769
260 262 512
260 629 276
260 665 704
260 700 876
260 739 670
261 719 784
261 384 581
261 669 405
261 347 464
262 263 676
262 701 367
263 264 872
263 265 192
263 402 422
264 266 372
264 623 944
264 317 755
265 267 964
265 667 153
266 561 848
266 694 443
266 756 14
267 269 383
268 269 208
269 636 159
269 601 312
270 766 679
270 555 702
270 668 493
271 555 132
271 537 86
272 273 924
272 300 82
273 641 242
274 276 453
274 718 142
274 366 845
274 707 236
274 844 933
275 812 349
275 685 663
276 277 162
276 866 766
276 860 37
276 537 930
277 279 546
277 398 889
277 534 284
277 553 939
277 653 747
278 693 897
279 814 331
280 656 498
280 853 702
280 761 581
281 283 498
281 467 193
282 885 354
282 391 576
283 284 929
283 545 988
283 550 69
284 394 177
285 286 113
285 654 306
285 674 52
286 287 16
286 481 89
286 883 708
287 400 741
287 482 916
288 688 171
288 298 614
289 580 906
289 824 480
289 312 660
290 623 182
290 410 465
291 292 725
291 765 863
292 293 520
292 294 90
293 482 972
293 578 956
293 891 281
293 327 503
294 296 49
294 565 847
295 548 778
295 483 342
296 297 885
297 298 44
297 461 180
298 803 19
298 745 92
298 387 384
299 335 607
299 760 205
299 465 893
299 603 393
300 301 582
300 302 261
300 546 168
301 303 399
301 529 764
302 304 764
302 475 81
303 697 598
303 830 575
304 305 325
304 497 992
305 518 929
305 719 662
306 307 422
306 373 569
306 386 143
306 560 207
306 594 721
307 308 940
307 470 117
307 420 252
307 423 62
308 792 920
308 408 992
308 578 72
309 310 770
309 342 349
309 567 123
309 802 2
309 831 164
310 681 339
310 656 316
311 312 960
311 538 871
312 627 883
312 315 502
313 315 325
313 793 847
313 570 392
314 316 700
314 855 470
314 856 19
315 316 27
315 317 307
316 317 548
316 318 532
316 413 559
317 520 576
317 430 541
318 544 528
318 719 825
318 780 570
319 320 639
319 559 638
319 604 189
320 321 864
320 697 236
321 322 755
321 873 20
321 363 944
322 465 102
322 425 413
323 325 638
323 761 422
323 685 982
323 575 436
324 476 96
324 364 932
324 693 134
325 326 733
325 511 587
325 816 926
326 327 465
326 328 894
326 407 962
326 789 121
327 328 327
327 703 687
328 445 730
329 330 525
329 847 141
330 332 635
330 503 26
331 332 17
331 333 223
331 458 400
332 333 383
332 890 4
333 856 359
334 336 116
334 469 865
334 574 896
334 637 642
335 336 284
335 815 510
335 660 177
336 403 381
336 560 861
337 338 721
337 738 839
337 664 980
337 822 974
338 339 658
338 340 57
339 669 968
339 519 909
340 341 753
340 507 284
340 674 102
341 769 310
341 632 635
343 768 486
343 895 966
344 345 620
344 346 802
344 889 709
345 346 54
345 379 969
346 442 323
346 777 122
347 348 127
347 349 15
347 371 569
348 349 74
349 350 44
349 742 39
349 441 795
350 413 767
350 483 609
350 461 149
351 352 819
351 488 107
351 776 278
352 353 403
352 354 276
353 355 538
353 803 256
353 375 186
353 635 464
354 355 396
354 356 794
355 614 185
356 402 229
356 500 105
357 358 519
357 359 173
358 359 333
358 879 136
359 360 103
359 618 472
360 362 385
360 375 100
361 363 693
361 388 996
361 437 130
362 364 295
363 738 674
364 365 126
365 366 289
365 367 677
366 367 678
367 369 790
367 870 944
367 727 714
368 369 56
368 370 898
368 811 183
369 424 984
369 649 503
370 444 537
370 781 168
370 524 575
370 701 920
371 699 408
372 373 856
372 374 171
372 763 293
372 854 220
373 633 782
374 419 920
374 475 79
375 377 63
376 472 329
376 586 808
376 854 811
377 378 145
377 692 772
377 736 746
378 612 189
378 776 85
378 876 297
379 600 119
380 675 150
380 731 727
380 765 364
381 382 863
381 647 710
381 850 522
382 861 100
383 767 934
383 419 482
383 797 270
384 773 763
384 693 690
385 386 2
385 677 631
385 436 373
386 387 360
386 388 173
387 388 352
387 469 343
388 511 303
388 772 273
388 671 598
389 390 117
389 725 390
390 391 38
390 392 170
391 536 491
392 393 577
392 394 564
392 649 759
392 650 258
392 712 413
393 395 898
393 886 72
394 396 237
394 882 889
394 416 818
395 397 239
395 573 449
396 397 369
396 546 113
397 629 821
398 399 552
398 588 79
399 401 489
399 447 693
400 548 670
400 716 238
401 538 544
402 508 180
403 868 283
403 583 821
404 406 688
404 594 538
404 801 770
404 455 13
405 677 521
405 409 979
405 801 203
406 407 974
406 552 796
406 554 243
407 408 257
407 477 202
408 441 243
409 636 385
410 412 59
410 493 240
410 516 211
412 742 516
412 689 294
413 415 501
413 821 645
413 842 448
414 415 983
414 416 292
415 416 644
415 616 173
416 417 63
417 418 941
418 420 110
418 702 254
418 799 946
419 421 854
420 421 52
421 585 109
421 866 33
422 423 8
422 705 442
422 457 262
423 424 607
423 838 208
424 425 602
424 426 254
425 426 728
425 427 143
425 615 503
426 427 453
426 428 394
427 428 99
427 584 622
427 808 981
427 670 374
428 429 486
428 818 76
429 651 976
429 566 752
429 496 944
430 432 567
431 433 856
431 665 658
432 459 366
432 439 128
433 457 343
433 849 266
434 435 272
434 436 108
434 819 938
435 437 895
436 438 841
436 539 780
436 701 843
436 716 205
436 490 992
436 887 978
437 439 485
437 863 179
438 866 438
438 558 499
439 495 338
439 624 190
439 446 416
440 441 300
440 496 200
441 696 895
441 799 303
441 610 790
442 796 362
442 811 848
443 445 493
443 542 764
444 649 838
444 509 955
444 613 841
445 447 610
446 852 424
446 706 84
446 447 417
447 679 788
448 815 276
448 486 140
448 783 564
449 450 668
449 451 958
449 530 235
450 451 71
450 452 157
451 452 150
451 460 923
452 454 972
452 785 227
453 794 398
454 455 428
454 888 967
455 456 920
455 852 553
456 458 875
457 695 954
458 567 584
458 542 417
459 896 572
460 461 883
460 597 788
462 463 47
462 464 839
462 598 187
462 893 624
463 464 456
463 783 364
463 665 21
463 729 487
463 790 532
464 466 133
464 783 170
465 586 788
465 670 218
466 468 224
467 469 856
467 877 446
467 826 542
468 469 524
468 667 532
470 870 114
471 481 887
472 528 736
472 642 435
473 474 960
473 475 356
474 475 322
474 476 988
474 651 978
475 476 8
475 809 116
476 478 458
476 509 681
477 638 951
477 751 318
478 479 456
479 480 664
479 568 773
479 731 580
480 489 967
480 809 287
482 639 249
483 485 634
484 485 951
484 486 878
484 714 954
486 794 9
487 861 785
488 490 431
488 517 479
489 490 619
490 491 852
491 492 359
492 493 360
492 494 639
493 560 624
493 898 285
493 613 570
494 844 888
494 750 21
495 553 65
496 497 459
497 498 153
497 672 720
498 499 692
498 892 382
499 501 992
501 686 869
501 763 343
502 504 950
502 529 82
503 504 414
503 892 181
504 505 306
504 620 218
505 607 337
505 615 927
505 749 331
506 507 361
507 556 453
507 742 693
508 510 678
509 511 164
509 737 810
510 871 707
510 813 16
511 512 183
512 513 905
512 514 307
513 659 74
513 525 220
513 757 832
514 515 406
514 737 357
514 825 456
515 516 883
516 731 746
516 696 994
517 723 137
517 730 575
518 679 700
519 846 140
520 779 742
521 606 675
522 692 678
522 616 195
523 524 402
523 593 589
524 525 573
525 526 27
525 643 757
525 866 965
526 528 934
526 727 68
526 812 541
527 528 78
527 854 463
528 733 168
529 567 372
529 753 54
530 788 418
530 614 479
531 532 604
531 533 921
531 595 696
532 879 715
533 534 777
533 535 769
534 695 116
534 769 109
535 537 441
535 678 714
535 760 642
536 538 585
537 538 771
538 539 757
539 540 413
539 541 635
540 541 321
541 542 301
543 544 589
543 545 432
544 878 286
545 547 723
546 790 403
547 549 26
547 774 985
548 747 98
548 721 975
548 778 679
548 672 694
549 550 23
549 761 272
550 604 9
551 889 726
551 566 415
551 645 259
552 874 353
552 684 127
553 644 818
553 777 878
554 555 396
554 585 962
554 823 781
554 867 592
554 574 42
555 693 67
556 558 918
556 621 364
557 710 5
557 683 982
558 775 491
558 874 80
559 747 516
560 591 299
561 562 981
561 657 794
563 564 991
564 697 322
564 879 165
565 566 317
565 567 190
566 568 9
568 604 386
568 641 979
569 846 987
569 691 589
569 735 439
570 747 413
571 639 364
571 830 761
572 573 480
572 847 325
573 680 738
574 618 896
575 812 860
576 767 144
577 578 261
578 618 435
579 581 90
579 839 832
580 685 836
581 582 166
581 583 620
582 897 78
582 609 109
583 584 156
584 586 398
585 587 506
585 783 281
586 683 152
587 593 491
587 766 565
587 626 399
588 754 786
589 590 587
590 591 99
591 593 7
592 593 993
592 594 776
593 595 812
593 777 829
593 806 273
594 676 336
594 630 63
595 596 302
596 598 329
596 743 940
597 599 4
597 633 495
598 600 392
599 600 606
600 844 433
601 603 929
601 884 554
602 603 425
602 768 968
602 723 213
603 604 471
604 605 640
604 658 127
605 606 782
605 607 432
606 608 398
606 800 593
606 663 942
606 870 585
607 608 777
608 834 328
608 700 280
609 610 565
610 611 657
611 612 274
611 869 122
611 728 626
612 614 836
612 871 835
612 842 352
615 807 90
615 839 138
615 784 303
616 862 323
616 648 631
617 861 487
618 729 512
619 620 427
619 621 672
620 622 883
620 851 925
622 623 624
622 624 144
623 853 804
625 627 811
625 658 921
625 652 749
626 674 994
626 830 717
627 629 111
628 890 498
628 876 926
628 716 368
629 803 790
629 659 950
630 631 561
631 632 47
631 633 826
631 722 312
632 868 330
632 838 224
633 634 325
633 635 693
634 636 187
635 637 451
636 637 654
636 863 192
638 639 204
638 640 24
640 847 658
640 770 505
641 793 33
642 643 419
643 645 138
644 816 380
644 807 419
645 646 932
645 803 459
646 648 330
646 687 546
647 649 645
648 649 356
648 855 254
649 660 275
649 725 869
651 807 994
652 873 142
652 705 622
653 808 235
654 656 528
656 658 816
658 659 198
659 661 902
659 682 28
660 829 864
661 662 799
661 663 130
662 663 473
662 664 89
662 697 541
664 666 260
664 680 941
665 667 53
666 667 199
667 794 336
668 669 291
668 670 355
669 827 264
670 744 622
671 673 849
671 775 690
672 787 463
672 883 609
674 675 8
674 676 227
674 792 873
675 677 883
675 882 976
675 753 113
675 797 902
676 678 770
676 758 424
676 759 354
677 679 117
677 735 516
677 736 166
678 679 134
678 758 717
680 682 629
681 682 571
681 683 838
682 683 918
683 768 252
684 685 289
684 747 487
686 742 746
686 745 998
687 688 982
687 689 376
687 750 526
688 737 919
688 792 404
689 690 983
689 691 421
690 691 488
690 692 643
690 771 706
691 693 54
692 744 505
693 694 528
694 696 50
696 867 891
696 720 835
698 699 6
698 859 693
699 700 231
700 819 286
701 836 715
702 704 946
703 705 989
704 706 819
705 706 626
705 837 415
706 707 483
706 708 608
707 708 710
707 817 868
708 777 775
709 711 462
711 713 79
711 737 928
712 713 346
713 714 374
713 715 820
714 715 644
715 716 747
715 717 474
715 765 893
715 893 498
715 787 380
716 718 411
716 880 802
717 718 260
717 719 73
718 720 353
719 848 375
720 825 154
721 749 990
722 724 8
723 724 825
724 890 895
724 852 759
725 726 464
725 727 772
726 727 854
729 817 12
730 732 107
731 732 758
732 733 51
732 734 959
733 734 129
734 736 204
736 855 953
736 835 343
737 739 11
739 740 517
740 742 724
740 775 481
740 756 348
740 767 674
741 742 115
741 754 418
744 745 786
744 894 16
745 899 274
746 814 119
747 748 80
748 749 531
748 750 785
749 750 787
749 762 435
750 751 205
751 753 474
752 753 161
752 754 784
753 847 679
754 898 280
755 756 255
755 757 177
756 758 580
758 760 147
759 761 612
762 763 833
764 765 418
767 792 930
769 770 462
770 772 245
771 793 928
773 775 438
774 775 171
775 777 853
779 841 28
780 781 697
781 783 643
782 784 196
784 785 657
784 831 11
785 786 987
786 787 95
786 877 929
788 790 426
788 888 260
789 790 817
790 791 84
793 795 273
794 795 847
795 797 576
795 811 301
796 820 808
798 799 327
798 870 834
799 846 609
801 803 791
801 878 967
803 804 652
804 805 364
804 806 360
805 806 430
805 807 742
806 859 603
809 811 560
810 812 379
811 813 616
812 814 640
813 898 41
814 816 146
816 817 969
818 819 446
818 846 247
820 822 63
820 891 548
824 826 505
824 832 435
826 827 128
826 887 884
827 828 638
827 829 963
828 829 837
829 830 851
833 896 312
833 864 515
834 836 318
834 872 838
835 836 269
836 838 350
838 839 646
839 841 173
840 841 70
840 842 601
845 846 671
846 883 28
847 848 827
848 850 578
850 851 738
851 852 736
851 853 128
852 854 150
853 855 771
854 891 266
856 857 758
857 858 413
857 877 381
858 860 867
859 860 895
859 861 825
860 861 4
861 898 196
862 863 974
864 866 433
865 867 20
866 868 649
867 868 419
868 869 810
868 870 328
869 871 732
871 872 176
871 873 315
872 873 383
873 875 290
875 877 180
878 880 717
879 880 491
879 881 308
881 882 797
881 883 760
882 884 36
884 885 163
886 887 20
889 891 405
890 892 496
891 893 210
892 894 224
894 895 640
894 896 728
895 897 688
897 898 266