0 2 328
0 86 297
1 191 948
1 211 437
1 113 843
1 150 941
2 3 455
2 160 622
2 191 237
2 38 120
2 69 356
3 5 19
3 22 293
4 6 414
4 25 376
5 7 319
5 229 474
6 143 180
6 92 943
6 156 59
6 53 62
7 8 826
7 9 151
7 204 662
8 9 424
8 122 46
8 52 866
8 241 163
9 237 415
9 224 999
9 47 719
9 225 366
10 11 325
10 115 374
10 230 241
10 227 714
10 234 866
11 247 662
11 164 761
12 13 355
12 122 453
12 36 767
13 246 201
13 211 717
14 150 787
14 196 142
14 201 660
15 17 867
15 192 779
16 17 579
16 182 628
17 19 265
17 208 662
17 44 877
18 19 971
18 199 2
19 66 801
19 114 209
19 245 188
19 158 585
19 226 205
20 184 305
20 232 308
20 81 730
20 188 441
21 23 849
21 61 151
21 29 744
22 23 981
22 254 481
23 24 549
23 68 231
23 125 745
24 159 206
24 168 293
24 112 677
25 182 950
25 147 637
25 92 864
26 27 321
26 217 112
26 40 235
27 144 561
27 246 779
27 201 968
28 81 86
28 41 853
28 140 418
29 48 447
29 68 497
30 32 158
30 208 53
31 123 56
31 186 375
31 156 579
31 231 915
32 33 473
32 34 955
32 213 59
32 100 160
33 221 297
33 143 620
33 83 282
34 44 798
34 70 293
35 37 471
35 157 749
35 199 424
35 258 569
36 236 504
36 206 885
37 224 954
37 97 711
37 98 919
38 138 748
38 221 181
38 170 671
39 129 556
39 224 225
40 92 181
40 102 369
40 134 784
41 42 403
41 43 31
41 140 972
42 43 681
42 44 769
42 109 828
42 221 489
43 45 406
43 131 360
44 45 262
45 47 475
45 213 130
45 221 891
46 47 853
46 48 233
46 216 903
47 104 249
47 68 441
48 89 614
48 75 878
48 65 351
48 223 810
49 50 197
49 51 426
49 133 652
49 91 510
50 155 790
50 251 657
51 52 366
51 53 152
51 62 989
52 54 638
52 205 450
52 189 838
53 54 21
53 233 925
53 235 890
54 55 143
54 151 432
54 246 495
55 56 275
55 214 834
55 169 432
56 58 925
56 152 741
56 234 482
56 57 171
56 104 575
57 139 622
58 59 26
58 81 854
58 159 548
58 176 73
59 60 396
59 98 671
59 206 567
59 250 79
60 61 869
60 104 970
60 129 939
61 191 261
61 187 248
61 180 738
62 107 935
63 133 461
63 154 362
63 112 772
64 220 831
64 97 70
65 223 74
65 200 280
66 67 264
66 68 920
66 197 100
67 231 221
67 189 228
68 145 102
68 218 592
69 249 613
69 141 230
70 217 83
70 159 360
70 204 804
71 72 821
71 73 491
71 112 542
71 219 839
72 73 373
72 74 874
73 75 339
73 77 393
74 75 357
74 108 824
74 165 730
75 193 608
75 219 966
75 248 672
75 195 975
75 83 974
76 254 241
76 128 437
76 135 288
76 175 118
76 192 155
77 78 983
77 79 407
78 176 546
78 157 788
78 107 698
79 80 303
79 81 759
80 81 609
80 254 534
81 83 812
82 234 78
82 141 41
82 192 615
83 84 724
83 133 660
84 113 111
84 104 157
85 87 250
85 236 97
85 228 75
86 88 730
86 233 627
86 192 51
86 109 263
87 208 742
87 96 165
88 89 3
88 184 307
89 91 151
90 257 714
90 96 454
90 154 61
91 162 568
91 177 97
92 225 241
92 180 503
93 105 988
93 171 630
94 96 489
94 228 313
95 96 388
95 186 187
95 258 20
96 250 980
96 103 791
96 221 525
96 229 258
97 99 174
97 170 257
99 219 168
99 170 91
99 164 873
100 180 747
101 102 749
101 103 436
101 205 620
102 110 666
102 206 477
103 105 957
104 223 431
105 106 117
105 149 811
105 226 6
105 244 464
106 108 406
106 211 203
106 235 516
107 108 574
107 143 674
107 182 498
108 217 345
108 115 186
110 111 614
110 112 62
110 147 312
110 195 91
111 222 330
111 112 821
111 193 881
112 173 327
112 212 310
113 152 136
114 116 673
115 206 47
116 117 540
116 158 276
116 175 215
116 229 756
116 151 496
117 165 558
117 179 718
117 167 33
118 231 144
118 218 195
118 161 352
119 120 594
119 243 817
119 129 753
120 122 764
120 134 530
120 146 15
120 203 858
120 216 915
120 152 610
120 171 559
121 123 969
121 201 345
122 124 627
122 186 336
123 124 431
123 255 973
123 237 364
124 126 734
124 146 191
125 204 248
125 199 877
125 228 357
126 128 36
126 169 721
127 128 191
127 211 956
128 237 577
129 130 868
130 194 635
130 207 726
131 133 611
131 203 226
131 208 697
132 134 708
132 248 910
132 187 871
134 255 855
134 135 378
136 137 435
136 138 466
136 152 440
137 138 268
137 227 176
137 183 991
138 206 792
138 252 978
139 140 608
139 248 541
142 143 638
142 144 724
144 145 785
144 146 83
145 147 962
145 254 870
146 148 732
147 157 640
147 252 170
147 194 285
148 150 850
148 253 497
148 246 109
149 151 360
149 226 583
150 168 855
151 153 552
151 194 117
153 156 619
153 180 422
155 156 741
155 157 165
156 157 767
156 204 788
157 159 790
159 161 690
160 162 354
161 163 561
161 178 387
162 163 325
162 164 90
162 215 672
162 255 134
163 165 853
163 205 906
163 209 395
163 185 231
164 165 982
164 198 906
165 236 829
166 167 49
166 168 979
166 208 606
167 168 734
167 195 844
167 191 522
167 202 130
168 249 254
168 255 361
169 170 775
170 173 917
171 194 22
172 173 884
172 174 761
174 175 843
174 200 210
175 177 434
175 199 2
176 235 329
177 231 429
178 179 267
178 180 718
179 181 320
179 209 254
180 181 491
180 182 107
181 183 176
181 207 777
182 201 168
183 184 755
184 246 299
184 239 49
184 198 944
185 186 589
187 210 923
188 189 136
188 230 808
189 191 654
190 191 928
190 192 250
193 205 660
194 257 760
195 228 590
195 237 569
196 241 31
197 199 627
198 200 479
198 201 425
199 220 560
200 246 669
201 202 448
201 203 348
202 206 17
203 205 308
203 231 688
205 207 28
205 240 50
207 208 913
207 209 513
207 251 661
208 247 999
210 229 891
210 249 931
211 212 283
211 213 206
212 213 383
213 215 200
213 230 819
214 215 765
214 216 442
214 247 393
215 217 455
217 218 192
217 219 85
218 224 883
220 222 658
221 238 47
222 223 364
222 224 853
223 224 619
224 226 10
227 228 981
232 234 504
232 259 696
233 235 37
235 253 901
236 237 259
236 238 945
237 238 476
238 240 824
239 248 538
240 241 279
241 242 994
242 243 822
242 244 111
243 245 791
244 245 936
245 248 894
245 254 969
248 259 237
249 250 397
249 257 940
250 255 419
250 259 242
251 257 85
252 254 762
253 254 41
254 256 140
256 257 210
256 258 667
258 259 561