0 1 40
0 519 334
0 2 973
0 518 938
0 310 208
1 3 105
1 351 621
1 288 321
2 3 14
2 31 718
3 157 946
3 380 821
3 73 972
3 169 942
4 68 255
4 371 571
5 7 238
5 275 472
5 148 759
5 171 35
5 288 881
5 408 847
6 353 7
6 357 614
6 465 542
7 9 997
7 65 361
8 10 841
8 486 64
9 11 744
9 105 889
10 131 302
10 178 565
10 95 864
10 139 462
10 197 760
11 260 410
11 308 700
11 433 514
12 173 160
12 412 946
13 14 777
13 63 251
13 425 760
14 59 269
14 242 712
15 16 503
15 203 427
16 17 21
16 18 714
16 66 748
16 29 343
17 19 370
17 143 176
17 141 432
17 293 371
17 415 246
18 19 514
18 243 9
18 339 811
18 361 596
18 458 458
19 468 154
19 373 35
19 387 673
19 382 92
20 194 568
20 334 140
20 134 512
21 22 379
21 23 901
21 401 804
21 428 34
22 24 153
22 220 585
22 136 123
23 281 665
23 64 308
23 456 726
23 513 900
24 25 476
24 144 293
24 251 430
25 406 161
25 37 422
25 202 177
26 27 136
26 28 858
26 155 289
27 29 262
27 148 431
27 178 69
28 30 863
28 488 288
29 236 903
29 330 385
30 31 103
30 154 168
30 118 541
31 32 256
31 33 539
32 481 469
32 366 164
32 482 84
32 227 439
32 117 189
32 487 635
33 241 57
33 46 928
33 417 372
33 62 839
33 330 73
34 239 416
34 80 354
35 344 900
35 465 802
35 195 880
36 38 580
36 396 330
36 80 747
37 205 157
37 160 871
37 86 592
37 390 379
38 139 705
38 183 627
38 57 488
38 264 53
39 294 774
39 415 511
39 477 109
39 412 138
39 439 50
40 294 408
40 117 301
40 105 233
41 42 213
41 518 245
41 456 506
41 291 469
41 451 117
42 43 557
42 44 562
42 212 433
43 45 328
43 153 967
43 115 359
44 45 362
44 46 296
45 47 93
45 103 246
46 467 661
47 49 67
47 364 20
47 315 478
48 49 932
48 135 186
48 478 958
49 50 651
49 201 933
49 377 877
50 410 970
50 281 951
51 52 519
51 242 13
52 53 33
52 244 323
52 434 311
52 478 620
52 514 353
52 411 420
52 272 126
53 59 674
53 213 835
53 195 511
54 55 93
54 516 88
54 221 209
54 515 304
55 57 437
55 339 636
55 326 326
56 57 383
56 58 720
56 426 357
57 238 528
58 59 447
58 60 113
58 419 268
58 87 130
58 237 282
58 368 110
59 60 686
59 446 82
60 62 132
60 233 586
60 78 280
61 62 104
61 63 332
61 296 262
62 244 165
62 222 15
62 328 749
63 65 915
64 66 847
64 238 170
64 424 319
65 66 412
65 468 547
66 345 435
67 119 613
67 292 4
67 220 338
68 69 697
68 72 472
68 104 563
68 250 834
68 406 537
69 71 808
69 496 235
69 146 102
69 352 594
70 71 46
70 498 690
70 308 35
71 387 946
71 393 970
72 74 862
72 101 470
73 74 549
73 134 347
74 234 216
74 140 477
75 328 148
75 103 969
76 455 605
76 442 280
76 388 131
76 498 221
77 304 178
77 519 278
77 336 389
78 223 900
78 267 90
79 80 787
79 223 478
80 447 27
81 82 639
81 433 207
81 141 995
81 458 895
82 84 506
82 406 249
82 391 2
83 228 448
83 262 778
83 510 699
84 86 636
84 232 869
84 131 696
85 519 952
85 129 294
85 390 407
85 392 212
86 87 311
86 355 128
87 88 559
87 127 42
88 90 848
88 182 302
89 90 832
89 91 764
89 386 347
90 92 225
90 268 913
90 405 845
91 353 649
91 390 814
91 501 213
92 93 556
92 94 430
93 95 803
93 262 980
93 421 781
94 95 56
94 183 402
94 445 404
94 359 23
95 188 569
96 351 51
96 396 922
97 98 961
97 99 678
97 295 633
98 99 734
98 100 989
99 139 100
99 471 934
100 101 58
100 102 559
100 492 345
100 289 213
101 103 372
101 418 552
102 103 782
102 104 705
102 473 548
103 159 831
103 377 368
104 106 124
104 194 336
104 226 899
105 106 293
105 325 669
105 216 481
106 108 874
106 287 587
106 137 249
106 170 589
106 496 401
107 108 189
107 109 503
107 503 118
108 358 201
108 461 960
109 110 170
109 111 348
110 257 592
110 121 625
110 414 306
111 112 640
111 214 220
111 134 454
111 449 810
111 469 914
112 113 982
112 179 71
112 268 774
112 440 872
112 224 190
113 114 814
113 115 879
113 158 884
113 346 767
114 468 208
114 262 802
114 417 466
115 478 365
115 130 368
116 117 778
116 239 226
117 268 950
118 119 387
119 479 404
119 486 456
120 121 358
120 443 821
120 290 860
121 123 133
121 374 752
122 123 43
122 124 647
122 464 787
122 345 497
123 164 29
123 456 211
123 257 860
123 370 252
124 125 648
124 467 573
124 335 644
125 324 390
125 227 811
126 127 448
126 485 144
127 128 129
128 129 176
128 236 941
129 131 868
130 131 53
130 298 530
130 483 68
130 509 728
131 132 854
132 248 456
132 303 980
132 447 932
133 134 853
133 414 710
133 196 683
133 482 311
134 362 145
134 380 443
135 137 362
136 500 521
136 376 987
137 421 426
137 151 574
138 139 717
138 304 416
139 140 342
140 399 506
140 247 152
141 461 621
142 356 729
142 328 520
142 277 723
143 145 766
143 380 983
143 319 950
144 145 333
144 417 868
145 147 278
145 374 834
145 199 250
145 438 439
145 460 735
146 148 625
147 148 44
147 175 284
147 329 445
147 401 148
147 269 358
148 253 226
148 212 159
148 441 890
149 151 556
149 354 339
149 230 686
149 289 326
150 240 929
150 306 757
151 152 538
151 153 12
151 412 264
152 153 962
152 309 902
152 334 90
152 269 473
152 367 970
153 365 575
153 244 94
154 288 212
154 364 548
154 511 704
154 296 544
154 376 577
155 232 836
156 157 471
156 373 347
157 158 318
157 159 447
158 159 537
159 161 362
159 236 740
159 237 950
159 506 234
160 162 361
161 162 628
161 176 61
161 314 950
161 355 102
162 338 205
162 500 631
162 166 386
162 455 637
163 164 532
163 409 412
163 170 855
163 177 209
164 165 210
164 307 933
164 256 738
164 475 221
165 196 919
165 379 976
165 403 535
166 167 610
167 169 827
167 318 894
167 207 249
167 216 493
168 170 961
168 176 434
169 500 176
169 300 870
169 322 877
170 171 954
170 206 666
171 173 891
171 246 278
172 174 242
172 209 442
173 174 785
173 313 279
173 506 986
174 256 982
174 476 446
174 235 316
175 177 161
175 429 21
176 373 408
176 289 636
177 504 81
178 179 934
179 261 97
179 406 847
179 281 981
179 379 220
180 181 962
180 182 317
181 208 447
181 198 438
181 434 453
182 184 543
182 331 673
182 255 410
182 419 829
183 185 558
183 238 240
183 466 949
183 302 814
184 388 527
184 317 479
184 510 932
185 187 843
185 208 432
186 188 590
186 422 34
186 329 66
187 188 492
187 327 349
188 190 808
188 377 46
188 200 756
189 261 993
189 466 219
190 191 464
190 305 574
191 494 843
191 478 163
191 219 167
191 248 351
192 193 371
192 194 962
192 509 84
193 194 788
193 195 531
193 286 256
194 196 94
194 272 328
195 197 383
195 294 651
195 314 666
195 344 104
195 494 393
196 197 493
196 198 118
197 254 114
197 204 769
198 199 743
198 361 126
199 375 40
199 394 757
200 299 765
201 285 356
202 406 519
203 205 666
203 301 54
204 206 552
204 367 106
204 453 413
205 344 690
205 483 425
206 207 789
207 209 647
207 376 544
208 428 754
208 376 287
209 211 478
209 304 424
210 281 837
210 489 540
210 234 616
210 325 360
211 323 173
211 472 535
212 296 153
213 283 535
213 395 195
213 304 621
214 390 268
215 217 490
215 231 304
215 371 653
215 260 261
216 490 954
216 351 305
217 219 353
217 244 657
217 437 542
217 261 178
218 220 942
218 517 797
218 348 376
218 390 764
218 508 453
219 310 999
220 236 15
220 257 82
221 222 24
221 392 374
222 323 541
222 409 129
223 420 264
224 478 264
224 435 162
224 241 33
225 311 909
225 413 402
226 228 327
227 228 234
227 229 569
228 384 60
228 458 959
229 404 168
229 411 505
230 232 263
231 260 629
231 340 447
231 324 280
231 273 609
232 233 654
232 234 315
232 425 384
233 234 954
233 235 577
233 347 359
233 497 264
233 313 897
233 328 975
234 471 289
234 353 683
234 483 693
235 236 429
236 238 60
236 296 607
239 241 454
239 445 434
240 242 879
240 246 532
241 242 275
241 243 98
241 333 609
242 243 672
242 246 567
242 373 749
243 245 606
243 442 345
244 246 994
244 290 122
245 247 12
245 312 947
245 284 173
246 247 502
247 248 929
247 249 79
248 417 966
249 251 913
249 484 26
250 511 805
251 412 577
252 503 304
252 364 373
253 254 195
253 255 611
253 377 489
253 318 206
254 255 104
254 458 410
254 427 24
255 257 423
255 377 427
256 257 498
257 378 704
257 333 530
258 259 632
258 357 461
258 492 563
259 260 202
259 261 895
259 306 362
259 484 521
260 418 688
260 283 160
261 278 494
261 461 136
261 282 435
262 481 894
262 329 724
262 478 256
263 265 265
263 500 798
263 331 917
264 436 114
265 266 494
265 407 816
266 449 66
266 468 427
266 298 844
267 268 134
267 269 962
267 271 883
268 348 651
269 270 481
270 271 334
270 272 18
271 272 542
271 466 82
273 274 880
274 361 113
274 292 149
274 352 971
275 276 648
275 478 606
276 277 921
276 278 532
276 452 939
277 279 530
277 291 980
277 403 595
278 306 365
278 389 961
278 468 142
279 280 882
279 285 197
279 293 301
279 443 824
279 500 450
280 282 945
280 362 455
281 282 162
281 292 820
281 461 914
281 403 640
282 332 170
283 384 165
283 454 60
284 291 627
284 517 950
285 319 346
286 456 173
287 288 535
287 289 284
287 411 6
287 480 901
288 312 261
290 486 197
292 294 297
293 294 311
294 295 312
294 427 999
295 504 62
296 385 498
297 298 342
297 299 751
297 358 375
299 432 222
299 437 741
300 302 810
300 449 214
301 303 235
301 464 371
302 303 865
303 305 753
304 305 649
304 306 658
304 407 869
305 412 412
305 369 108
305 400 99
306 460 86
306 352 874
307 489 891
307 418 336
307 326 175
308 323 734
308 324 660
309 311 519
310 311 922
311 312 817
311 434 217
312 313 300
312 402 63
313 519 314
314 365 111
315 438 536
316 318 41
316 496 822
317 319 378
317 332 641
318 432 979
319 320 807
319 450 802
320 321 58
320 368 809
321 517 53
321 402 241
321 349 275
321 499 799
322 323 878
322 504 565
323 324 943
323 516 214
323 420 266
323 470 698
324 454 632
326 327 614
326 332 269
327 329 339
327 453 664
331 333 710
334 335 129
334 449 726
335 336 881
336 472 532
337 338 697
337 339 681
337 391 428
338 340 786
338 411 938
339 506 101
339 508 172
339 503 685
340 418 963
341 343 428
341 378 41
342 343 736
342 344 717
343 344 166
343 413 8
343 426 610
343 444 822
344 346 493
345 385 399
346 369 306
346 438 827
347 463 708
347 363 252
349 350 507
349 351 464
350 351 900
350 518 737
351 352 869
352 468 933
353 462 556
353 500 961
354 355 433
354 356 736
355 356 553
355 493 237
356 357 310
356 454 486
356 414 893
357 430 833
358 360 689
359 387 993
359 470 620
360 361 536
360 362 483
361 363 185
361 496 324
361 459 905
362 364 564
363 364 663
363 365 939
364 366 989
365 366 181
365 422 456
365 497 154
366 368 866
368 378 333
368 408 206
369 371 228
369 448 394
370 371 360
371 373 324
372 373 62
372 405 354
374 375 363
375 377 568
378 428 402
378 448 20
378 410 234
380 381 364
380 441 554
381 382 916
381 383 992
381 439 473
382 383 159
382 384 653
382 413 901
383 384 458
383 442 114
384 407 741
385 386 514
386 387 244
386 436 829
387 389 829
388 389 860
389 436 189
393 427 135
393 518 406
394 396 379
394 504 143
394 397 152
395 423 400
396 397 256
396 423 538
397 399 265
398 399 163
398 400 41
398 472 64
399 400 402
399 401 958
400 401 968
404 405 724
404 406 964
405 406 897
406 408 43
407 409 500
408 502 675
410 437 899
411 412 877
413 505 111
416 417 401
416 418 968
417 479 544
417 427 621
417 505 578
417 508 97
418 419 74
420 421 797
420 467 543
421 431 808
422 496 4
423 424 605
423 425 669
424 511 737
425 498 608
425 466 551
426 427 790
427 428 836
427 429 144
428 441 429
428 486 456
429 430 530
430 431 517
430 432 83
431 433 773
432 433 350
432 434 184
432 485 913
433 435 434
433 437 653
435 444 743
436 437 748
440 442 273
442 443 547
443 444 130
444 503 602
445 446 73
445 447 479
446 448 870
446 516 817
446 452 592
447 448 521
447 449 568
448 449 272
448 514 296
450 486 803
451 452 670
454 501 55
455 456 947
456 458 711
457 458 854
457 459 291
459 460 958
460 514 571
461 463 942
461 490 66
462 464 145
463 465 598
463 488 480
464 466 792
467 468 613
469 470 398
470 476 650
471 472 378
471 473 787
472 474 915
473 474 63
474 475 1
474 476 799
475 476 575
476 477 619
477 478 188
477 479 450
479 481 414
480 481 575
481 483 163
482 487 366
483 485 949
484 486 805
485 486 690
488 489 148
489 512 290
489 511 42
490 491 731
491 493 694
491 519 86
492 494 138
493 495 28
494 495 950
495 496 270
495 497 914
495 512 62
499 500 434
501 502 110
502 504 673
504 505 930
504 507 822
507 508 584
510 511 868
512 513 932
513 514 158
515 516 921
516 518 23
517 518 920
517 519 87