0 2 385
0 478 280
0 45 555
0 129 580
1 2 557
1 337 881
1 6 762
2 124 634
2 28 169
3 364 932
3 295 294
3 30 537
4 276 714
4 45 320
4 75 394
4 424 585
4 261 419
5 137 720
5 103 618
6 476 955
6 205 299
7 8 244
7 292 267
7 261 901
7 277 121
7 391 848
8 384 49
8 163 655
8 425 836
9 479 459
9 50 567
9 87 693
10 12 200
10 261 638
11 12 614
11 356 44
12 14 517
12 185 533
12 84 441
12 356 19
13 404 96
13 463 308
14 15 277
14 16 375
15 16 622
15 361 772
15 218 477
15 248 891
16 17 806
16 18 984
16 27 508
16 246 151
17 18 277
17 231 336
17 178 924
18 401 415
18 370 734
18 317 838
19 266 762
19 126 989
19 124 21
20 21 718
20 349 898
21 23 927
21 418 968
21 155 902
22 409 60
22 271 111
22 372 900
22 436 271
22 309 90
23 25 449
23 158 48
23 396 87
24 25 889
24 79 312
24 84 993
24 180 549
24 155 101
24 54 419
24 60 402
25 467 880
25 113 281
25 379 70
26 337 797
26 215 49
26 301 254
27 242 658
28 29 216
28 30 900
29 430 844
29 293 260
30 31 983
30 41 546
30 457 383
31 348 51
31 336 495
32 37 453
32 336 106
32 143 616
32 444 631
33 257 217
33 376 855
34 90 996
34 299 489
35 235 209
35 97 931
35 219 280
36 38 908
36 139 917
36 127 731
37 38 8
37 380 439
37 134 52
38 244 856
38 275 194
38 236 717
39 41 258
39 399 45
39 107 974
39 392 854
39 210 310
40 372 682
40 343 462
40 198 981
41 244 979
41 309 706
41 188 136
41 319 585
42 425 843
42 181 708
43 370 334
43 257 198
43 137 149
43 231 103
43 242 909
44 145 394
44 168 917
44 245 531
45 314 819
45 237 267
46 287 437
46 274 686
46 263 970
47 197 187
47 62 147
47 212 945
47 468 437
47 407 474
48 72 51
48 138 754
48 408 951
49 50 191
49 51 649
49 405 246
49 408 678
50 229 612
50 373 202
50 436 199
51 285 583
51 341 449
51 131 892
51 269 443
52 219 994
52 100 190
52 364 307
52 83 311
53 206 298
53 467 448
54 384 898
54 64 950
54 121 883
55 57 108
55 311 558
55 411 394
56 58 600
56 203 60
56 354 175
57 58 677
57 59 998
58 59 571
58 106 669
58 257 213
58 92 856
58 233 929
59 175 764
59 226 237
59 402 977
59 374 776
60 174 355
60 335 620
61 62 987
61 63 689
61 470 344
61 104 373
62 64 522
62 438 156
62 448 792
63 307 911
63 361 92
64 140 411
64 196 607
64 158 38
64 207 854
65 66 220
65 204 507
66 264 35
66 381 980
66 307 38
66 241 705
67 401 264
67 369 666
67 276 752
67 413 628
68 86 343
68 266 667
68 176 249
68 456 504
69 394 50
69 79 353
70 156 494
70 246 175
70 280 190
71 82 938
71 165 687
71 144 604
72 74 866
72 448 65
72 407 349
73 382 792
73 112 380
73 122 423
73 183 33
74 358 671
74 459 35
74 155 625
75 262 740
75 112 289
76 78 394
76 378 551
76 102 130
76 105 209
76 384 381
77 78 762
77 280 760
77 305 820
77 254 640
78 221 20
78 289 401
78 142 410
78 174 646
79 81 539
80 368 355
80 110 298
80 303 272
80 203 234
81 82 471
81 418 270
81 325 940
82 83 716
82 259 524
82 128 805
83 84 114
83 400 136
83 476 75
85 86 391
85 120 910
86 87 600
86 281 743
87 88 78
87 89 344
87 348 214
88 89 537
88 90 986
88 477 465
88 313 19
89 91 624
89 171 459
89 291 67
90 178 841
90 231 16
91 92 492
91 417 720
91 175 905
92 204 72
92 341 643
93 271 821
93 171 485
93 215 685
93 204 984
93 365 965
94 96 529
94 336 633
94 271 858
95 96 406
95 97 872
95 259 639
96 97 817
96 387 398
97 99 893
98 269 51
98 218 512
99 100 155
99 101 248
99 328 339
99 163 188
100 474 777
100 115 686
101 103 409
101 269 708
102 463 412
102 282 781
103 105 771
103 111 535
103 286 753
104 180 814
104 109 31
105 106 371
106 374 334
107 269 755
107 111 755
108 110 68
108 292 738
108 393 429
109 405 198
109 222 391
109 181 229
110 173 253
110 136 999
111 113 221
111 406 267
111 256 720
111 258 231
111 363 113
113 114 530
113 115 905
113 475 654
113 465 248
114 116 489
114 236 964
114 388 830
115 381 875
115 189 509
115 312 463
115 162 451
116 449 635
116 345 219
116 165 440
117 398 314
117 396 302
118 418 425
118 316 621
118 409 214
119 120 387
119 121 996
119 396 307
120 122 119
120 409 703
120 274 324
120 408 964
120 183 551
121 123 126
121 194 610
122 124 186
122 399 422
123 125 617
123 266 104
123 273 308
124 135 837
124 205 879
124 273 342
125 259 822
125 410 464
126 427 706
126 225 222
126 300 283
127 339 903
127 247 906
128 254 179
128 307 532
129 376 525
130 131 937
130 132 318
130 215 238
130 262 456
131 206 397
132 133 928
132 143 581
132 203 254
133 134 297
133 135 993
133 349 640
134 283 161
134 289 355
134 302 68
134 351 648
135 136 569
135 149 55
135 314 50
136 435 218
136 363 66
136 421 934
137 367 830
137 451 255
137 158 684
138 361 884
139 140 745
139 265 660
140 218 965
140 445 491
140 357 9
140 432 989
140 459 770
141 142 324
141 167 211
142 143 595
142 236 995
142 326 54
143 144 128
143 255 876
143 146 206
143 223 328
143 385 408
144 177 204
144 145 706
144 279 706
145 441 65
145 196 665
146 188 874
146 372 162
147 149 500
147 248 369
147 431 825
147 270 719
148 149 886
148 347 227
148 479 7
149 303 777
149 381 409
150 151 328
150 152 152
150 224 163
150 278 287
150 413 48
151 153 882
151 292 158
151 404 102
152 154 360
152 198 450
152 348 776
152 267 134
153 155 793
153 164 825
154 155 151
154 414 115
154 168 81
155 414 878
156 158 642
156 382 547
157 158 186
157 159 189
158 159 296
158 320 894
158 388 294
159 161 689
159 259 690
160 161 98
160 162 694
161 267 813
161 310 845
162 163 412
163 164 298
163 257 771
164 365 56
164 385 239
164 362 772
166 167 638
166 264 319
167 168 714
167 169 600
168 219 315
168 264 266
168 327 30
169 352 85
169 210 108
170 239 693
170 189 341
170 433 488
170 435 965
171 184 120
172 174 591
172 303 986
173 477 948
173 415 733
174 198 974
175 284 497
176 262 984
176 190 678
176 438 577
176 187 913
176 249 774
177 178 612
177 191 257
177 230 385
178 179 980
178 194 270
178 188 367
178 190 949
178 213 831
178 401 133
178 454 21
179 181 813
179 313 531
179 212 385
179 318 118
180 398 397
180 454 29
180 419 261
180 438 241
181 182 374
181 448 198
182 184 736
182 281 924
182 247 996
183 184 368
183 420 575
183 232 730
183 434 744
184 185 664
184 186 827
185 186 220
185 187 431
186 472 169
186 192 284
186 414 448
187 188 835
187 375 311
188 201 982
188 202 408
189 191 882
189 258 758
189 337 742
190 236 889
191 224 7
192 212 587
192 297 573
192 329 68
192 473 586
193 194 140
193 195 705
193 331 631
194 196 775
195 196 174
195 197 708
196 297 17
196 399 899
197 198 918
197 199 411
197 340 525
198 384 36
199 201 31
199 223 280
199 298 39
200 201 627
200 427 934
200 297 677
200 218 970
200 404 112
201 300 285
201 353 834
202 203 444
203 204 786
203 255 937
203 418 974
204 205 186
204 287 516
205 222 683
206 340 855
206 238 908
207 208 115
207 266 816
207 431 351
208 209 756
208 210 149
209 458 247
209 377 606
209 341 761
210 211 193
210 230 268
211 212 831
211 300 438
212 342 853
213 358 526
213 388 607
214 215 862
214 216 439
214 221 172
216 217 77
216 397 168
217 219 567
217 272 690
217 268 633
218 235 762
219 221 21
219 268 214
219 403 573
219 402 494
220 372 988
220 340 447
221 449 322
221 448 377
223 224 371
224 226 306
225 226 441
225 227 220
225 386 326
225 455 294
226 384 761
226 304 716
227 228 326
227 388 540
228 229 813
228 230 945
229 231 144
230 231 94
231 303 184
232 257 849
233 234 347
233 369 340
234 427 259
234 306 121
235 271 927
237 422 60
237 263 306
238 327 805
238 276 196
238 378 978
239 241 446
239 388 982
240 417 389
240 269 776
240 427 447
240 469 702
241 309 318
241 378 859
241 295 788
242 432 859
243 245 834
243 370 737
244 246 547
245 247 891
245 435 544
247 248 125
248 249 684
248 401 134
249 250 290
249 389 877
250 251 988
250 252 675
250 439 257
251 422 387
251 261 430
251 354 415
252 301 633
252 400 963
253 422 505
253 317 538
254 408 491
254 373 485
255 257 983
255 311 90
256 258 354
259 261 527
260 352 116
260 456 422
262 392 546
262 383 424
264 266 81
265 266 465
265 398 319
266 476 491
267 268 988
267 469 682
268 319 148
269 286 235
270 271 717
272 273 51
272 274 119
272 305 111
274 337 675
274 395 617
275 324 928
275 364 297
276 365 227
277 278 482
278 280 447
278 338 135
279 304 88
279 435 130
280 342 249
281 282 951
281 283 976
282 283 901
282 284 790
283 284 869
283 285 708
284 286 225
284 299 638
284 476 819
285 286 748
285 389 536
287 389 338
287 466 887
288 289 515
288 290 190
288 361 678
289 291 870
290 333 40
290 392 635
291 292 237
292 294 36
292 308 577
293 294 744
293 295 459
293 369 485
294 296 214
294 464 802
295 452 27
296 297 452
296 475 497
297 299 659
297 433 420
297 410 205
297 460 858
298 367 199
299 300 978
299 301 264
299 314 802
300 453 328
301 478 736
301 339 402
301 467 926
302 304 76
303 457 113
303 462 129
304 305 396
304 306 25
304 439 294
305 306 784
306 307 690
306 308 783
307 308 174
308 309 957
308 451 293
310 311 175
310 407 525
311 447 853
312 314 671
312 412 863
313 314 61
314 446 534
314 449 439
315 316 171
315 317 461
316 318 900
317 318 277
317 459 273
318 319 386
319 411 60
320 332 213
321 322 346
321 323 790
321 477 60
322 423 207
322 400 271
323 324 489
323 325 403
324 325 314
324 457 491
325 326 658
326 327 779
326 479 224
327 328 868
327 397 649
328 379 926
329 331 610
329 400 756
329 359 766
329 441 106
329 346 665
330 331 996
330 461 547
331 414 849
331 382 634
332 333 53
332 334 780
332 426 806
332 450 10
333 334 754
333 335 606
333 356 102
334 335 964
334 424 959
335 337 404
336 338 171
337 338 359
338 428 879
339 341 538
340 342 35
341 374 214
342 383 103
343 344 543
343 345 365
344 345 794
344 346 189
345 347 568
345 475 65
346 347 421
347 349 386
349 350 749
350 351 2
350 352 3
351 353 929
352 353 841
352 354 248
352 418 11
352 368 450
353 354 885
353 355 405
354 387 346
355 357 427
355 359 662
355 394 123
357 359 438
357 425 619
358 399 152
358 457 990
359 361 961
360 361 484
360 362 633
361 424 864
362 363 202
364 443 86
365 366 852
366 367 470
366 466 484
366 371 516
367 368 19
367 369 67
368 369 479
370 372 551
371 404 54
371 435 741
374 450 276
374 416 331
375 423 391
376 378 559
376 415 361
377 479 612
377 437 680
379 380 652
380 381 236
380 382 442
381 383 523
382 384 744
382 453 307
383 385 781
384 412 991
385 386 35
386 388 608
387 389 410
387 419 722
389 444 231
390 391 41
390 392 551
391 392 419
391 395 244
392 468 846
393 470 193
394 444 990
395 440 575
397 459 157
398 456 176
400 402 477
402 403 785
403 469 422
405 407 392
406 407 615
406 408 793
407 409 425
409 410 936
409 411 26
410 411 846
410 444 907
412 430 511
415 416 653
415 417 992
416 417 607
417 418 360
417 462 861
417 436 611
419 420 211
419 421 72
420 421 353
421 422 514
422 423 834
422 424 712
423 424 649
423 425 185
425 431 762
426 427 670
428 429 588
428 430 79
429 430 606
429 446 249
429 451 994
430 431 679
430 432 918
431 453 573
432 433 982
434 435 13
436 437 377
436 468 5
437 438 102
437 439 589
437 441 928
440 441 286
442 443 505
442 444 835
443 466 11
445 447 205
446 448 580
447 448 593
447 449 985
450 451 761
452 453 91
455 472 574
456 457 710
457 458 146
458 459 529
458 472 703
459 460 433
460 461 671
461 462 984
461 463 7
463 465 174
464 465 755
464 466 185
465 466 538
467 468 556
468 470 953
470 472 765
471 472 347
471 473 769
472 474 842
472 476 772
473 474 805
474 476 747
475 477 164
478 479 840