0 845 457
0 61 8
0 736 9
0 450 708
0 487 143
1 158 199
1 126 651
1 161 565
1 268 267
1 702 952
2 4 891
2 830 181
2 425 914
2 432 663
3 84 657
3 310 755
3 598 64
3 784 101
4 6 396
4 593 390
4 104 327
5 6 701
5 7 501
5 709 548
6 8 883
6 88 950
6 403 267
6 849 819
6 141 545
6 526 873
7 8 783
7 217 286
7 584 132
7 412 997
8 326 60
8 84 818
8 457 340
8 805 69
9 10 809
9 408 143
9 476 819
10 11 39
10 751 168
10 124 642
10 281 642
11 12 890
11 271 345
12 13 581
12 14 451
13 300 133
13 367 628
13 666 456
13 848 973
14 834 347
14 646 982
14 343 614
14 181 97
15 17 633
15 92 664
15 121 420
15 135 275
16 17 927
16 435 931
16 681 692
16 282 863
16 339 746
17 400 619
17 36 364
17 843 337
18 454 438
18 829 114
18 785 746
19 21 653
19 142 119
20 22 343
20 137 352
21 338 968
21 708 390
22 23 874
22 707 325
22 561 423
22 595 211
23 25 635
23 421 563
23 274 73
23 696 527
24 25 501
24 26 497
25 151 602
25 416 653
26 43 398
26 502 653
26 664 6
26 346 633
26 483 55
27 28 836
27 74 2
28 29 695
28 591 296
29 169 803
29 451 280
29 600 749
29 455 937
29 730 932
30 32 52
30 117 100
30 812 874
30 672 123
31 245 384
31 394 251
31 170 281
31 201 685
31 591 368
31 719 323
32 316 13
32 180 650
32 241 828
32 424 725
33 34 159
33 300 133
33 385 632
34 799 995
34 536 115
34 642 556
34 650 993
35 72 135
35 530 945
36 158 681
36 320 888
36 231 16
37 39 61
37 580 994
38 40 293
38 249 191
38 757 492
39 383 226
39 381 687
39 635 676
40 41 641
40 381 861
40 163 355
40 42 194
41 43 417
41 356 691
42 43 505
42 152 444
43 594 952
43 286 990
43 237 270
44 45 136
44 149 909
45 47 902
45 292 971
45 317 909
46 47 654
46 132 674
46 732 197
47 601 363
47 717 550
47 780 47
47 63 995
48 49 237
48 138 982
48 840 787
48 311 354
49 50 753
49 782 965
49 129 404
50 311 101
50 98 100
50 298 13
50 192 887
51 52 255
51 53 912
51 489 347
52 54 63
52 498 248
52 258 270
53 54 611
53 69 545
53 638 559
54 55 605
54 559 113
54 501 331
55 348 159
55 284 361
55 698 677
56 57 106
56 385 968
57 58 920
57 183 455
57 853 770
57 437 418
57 570 53
58 293 910
58 745 834
58 383 829
59 60 984
59 833 508
59 114 150
59 177 779
59 226 765
60 61 680
60 62 639
60 374 51
60 426 405
60 703 537
61 63 703
62 708 323
62 574 171
63 130 674
63 772 230
64 65 115
64 722 142
65 67 394
65 111 989
66 67 901
66 466 362
66 97 240
67 68 579
67 69 518
67 274 265
67 553 5
67 634 80
67 688 412
68 510 104
68 724 761
68 345 354
69 567 330
69 454 157
70 587 655
70 312 938
71 72 980
71 73 346
71 707 664
72 74 364
72 644 773
72 555 240
72 576 369
73 487 389
73 471 797
73 716 714
73 614 94
74 75 29
74 150 631
74 422 462
75 542 151
75 326 219
75 291 617
76 313 958
76 88 698
76 413 146
76 557 405
76 596 760
77 267 557
77 492 805
77 312 895
78 79 764
78 80 807
78 120 572
78 143 104
79 206 892
79 291 825
79 772 118
79 215 71
79 531 984
80 81 903
80 85 244
80 739 416
81 82 857
81 83 955
81 107 25
82 83 805
82 142 958
82 294 149
82 336 739
83 84 388
83 752 17
83 602 901
84 86 481
85 87 719
85 97 151
85 784 273
86 87 752
86 287 201
86 326 902
86 358 277
87 368 857
87 492 731
88 723 238
88 357 868
89 90 736
89 206 956
89 149 172
90 92 780
90 626 218
90 605 8
91 92 145
91 93 63
92 93 721
92 94 154
92 512 482
93 499 993
93 101 557
94 95 589
94 837 501
95 118 546
95 365 188
95 308 691
95 353 539
96 98 895
96 844 889
96 690 264
96 541 731
96 683 421
97 166 845
97 834 146
97 739 203
98 352 361
98 383 965
98 808 317
98 854 708
99 101 381
99 355 614
100 101 119
100 102 780
100 523 181
100 801 559
100 238 506
101 526 879
101 770 558
101 157 858
101 198 403
102 103 110
102 191 9
103 620 223
103 788 454
104 560 998
104 253 317
105 106 28
105 204 162
105 325 347
106 280 770
106 851 205
107 486 71
108 109 697
108 677 717
108 247 17
109 792 518
109 503 573
109 222 963
110 328 832
110 476 347
110 155 484
111 112 806
111 170 745
111 603 644
111 255 123
111 400 313
112 114 194
112 419 849
112 479 954
112 682 908
113 114 885
113 115 266
114 116 51
114 229 24
115 117 710
115 220 306
115 169 575
116 118 258
116 806 275
116 644 862
117 118 766
117 119 580
117 565 360
118 270 589
118 161 143
118 670 690
119 120 259
119 685 351
119 852 681
120 280 549
120 320 260
121 662 442
121 765 502
121 543 848
122 123 845
122 515 296
123 808 499
123 495 54
123 315 903
124 838 245
124 302 710
124 455 349
125 127 710
125 685 254
125 609 879
126 303 491
126 835 749
127 416 9
127 445 275
128 129 445
128 570 62
128 845 881
128 438 257
128 149 977
129 130 832
129 613 170
130 131 89
130 132 72
131 132 504
131 450 891
131 180 459
131 197 559
131 244 680
132 134 807
133 523 245
133 387 256
133 636 956
133 264 701
134 136 709
134 345 757
134 815 698
135 750 216
136 137 735
136 784 424
136 420 219
137 142 557
137 189 678
138 140 921
138 287 659
139 141 899
139 751 99
139 340 815
140 821 265
140 457 971
140 765 729
140 323 979
141 171 586
141 575 51
142 144 170
143 145 382
144 416 510
144 676 920
145 147 248
145 831 44
145 603 520
146 147 769
146 264 170
146 714 986
146 533 102
147 148 843
147 149 466
147 275 91
148 477 191
148 678 423
149 462 470
149 521 311
150 319 806
151 153 378
151 654 413
152 154 23
152 656 280
152 787 452
152 794 264
152 837 397
153 154 763
153 211 852
153 393 723
154 155 18
154 156 356
155 156 755
156 157 516
156 158 87
156 517 926
157 178 138
157 166 778
157 211 202
158 281 768
159 161 692
159 202 908
160 482 935
160 755 844
160 713 895
161 162 683
161 242 23
161 849 808
162 164 120
162 502 585
162 566 765
162 519 403
162 636 659
163 525 984
163 242 317
164 760 102
164 225 438
165 167 307
165 481 3
165 210 518
167 168 106
167 297 40
167 653 507
168 169 199
168 547 76
169 444 304
169 275 210
170 779 954
171 172 598
171 173 169
172 345 405
172 341 706
173 633 825
173 822 911
173 835 815
173 567 227
174 175 702
174 775 28
174 428 257
174 187 845
175 176 735
175 177 18
176 177 963
176 178 768
176 379 731
176 388 764
177 178 22
178 180 109
178 398 257
178 537 855
178 585 375
179 181 136
179 801 265
179 360 769
180 533 104
180 510 711
181 182 381
182 184 744
182 458 995
183 572 210
184 745 452
184 350 171
185 538 170
185 514 413
186 187 648
186 827 464
186 840 596
186 337 222
187 193 773
188 189 103
188 359 578
188 203 466
189 190 647
189 349 476
190 191 140
190 192 129
191 192 731
191 586 741
191 726 633
191 650 262
191 505 603
192 194 292
192 815 350
193 194 277
193 195 59
193 423 342
194 195 166
194 196 227
195 197 638
195 610 200
195 237 736
195 632 786
195 355 764
195 539 312
196 489 635
196 687 258
197 739 552
197 239 597
198 268 660
199 200 124
199 844 962
200 202 274
200 360 666
200 380 573
200 424 150
200 705 955
201 326 706
202 203 144
202 394 501
202 398 242
203 385 641
204 206 448
204 770 62
205 207 803
205 269 348
205 747 612
206 756 33
206 819 542
207 208 272
207 226 466
208 209 954
208 394 753
208 701 888
208 809 989
209 538 993
209 404 238
209 801 754
210 484 454
211 754 532
211 265 54
212 213 351
212 573 950
213 215 678
213 530 419
213 743 708
214 215 701
214 383 627
215 216 588
216 560 882
216 805 532
217 436 660
218 219 120
218 468 449
218 321 601
218 503 948
219 410 796
219 634 613
220 541 234
220 391 167
220 456 585
220 688 361
220 815 757
221 222 916
221 223 198
221 503 185
221 590 639
222 223 799
222 409 682
223 239 890
223 810 306
223 678 655
223 797 187
224 226 153
224 689 682
225 536 643
225 289 787
225 479 752
226 342 255
226 327 663
227 228 572
227 616 182
227 858 368
228 230 826
228 664 586
228 389 332
229 230 125
229 317 956
229 277 132
229 334 916
230 231 713
230 292 541
230 307 327
231 232 152
232 234 576
232 422 53
233 235 85
233 351 475
233 578 844
234 569 794
234 741 917
235 236 190
235 237 760
236 237 286
236 238 955
236 449 647
236 259 280
236 845 713
237 575 725
238 239 459
238 385 218
239 240 340
239 673 475
239 611 697
240 536 902
240 706 187
240 741 956
241 628 914
241 568 143
242 244 276
242 685 605
243 244 657
243 798 845
244 245 551
244 633 679
245 246 521
245 720 224
245 367 488
246 248 489
246 373 610
246 375 549
247 248 295
247 438 479
247 740 666
248 249 258
248 507 853
248 259 235
249 253 919
249 801 743
250 252 748
250 261 332
251 252 36
251 789 359
251 592 839
251 725 387
251 787 758
252 254 431
252 784 949
252 704 799
253 255 244
253 481 799
253 375 117
253 646 47
253 853 152
254 255 620
254 481 54
255 440 520
255 402 791
255 687 262
256 495 888
256 311 575
256 258 618
257 727 36
257 463 894
257 482 39
258 728 84
259 260 24
259 532 699
259 277 11
260 679 910
260 637 280
260 794 992
261 262 576
261 263 461
262 263 846
262 468 297
263 264 622
263 265 293
263 733 611
265 267 434
265 351 78
266 843 957
266 498 149
266 580 519
266 571 73
267 268 155
267 269 582
267 540 644
268 683 916
269 270 312
269 789 520
269 416 822
270 533 269
270 497 122
270 730 285
270 729 516
271 273 324
271 627 336
271 680 848
271 715 920
272 273 112
272 353 656
272 699 667
273 274 591
273 641 256
274 445 410
274 607 821
275 276 450
275 563 116
276 593 692
276 703 38
276 396 705
277 278 68
277 323 119
278 279 173
278 280 752
278 641 884
279 830 311
279 280 838
279 392 74
279 526 89
279 791 523
279 834 748
279 716 703
280 282 806
280 366 90
280 470 31
280 859 732
281 390 735
281 430 947
282 283 781
282 584 615
283 285 768
283 716 995
283 361 854
284 286 222
284 722 728
284 316 648
285 287 722
285 440 580
286 796 782
286 767 314
287 775 781
287 782 245
288 396 794
288 829 491
289 847 849
289 715 835
289 422 741
290 291 640
290 292 915
291 293 675
291 506 357
291 481 226
291 537 901
292 294 538
292 653 172
293 295 101
293 413 828
293 763 475
294 320 498
294 684 781
294 661 123
295 821 753
295 610 851
295 570 278
296 312 164
296 323 168
297 299 761
297 561 480
297 502 309
297 857 606
298 624 656
298 465 586
299 300 144
299 514 185
300 386 860
301 302 157
301 303 236
301 634 567
301 758 480
302 785 423
302 414 635
302 476 402
302 547 409
303 305 425
303 396 558
304 396 358
304 795 245
304 602 252
305 716 465
305 680 926
305 641 205
306 307 930
306 473 794
307 308 794
307 309 332
307 747 722
307 821 271
308 309 941
308 310 405
309 310 163
309 335 63
309 505 479
309 355 401
309 494 312
310 474 572
310 742 608
310 643 731
311 435 817
311 461 414
312 313 171
312 534 590
313 851 929
313 652 507
313 422 392
314 315 978
314 402 184
315 316 119
315 319 613
316 317 107
317 338 57
317 802 799
318 320 837
318 522 953
318 685 596
318 739 464
319 320 176
319 669 706
320 321 949
321 323 799
321 844 277
321 383 952
322 323 795
322 324 270
322 373 684
323 578 6
323 820 51
324 765 845
324 362 133
324 446 187
325 619 666
325 427 868
325 631 950
325 764 697
326 583 601
327 499 566
328 329 724
328 628 968
329 330 278
329 840 936
329 711 467
330 332 558
330 730 763
330 741 595
330 368 449
331 332 158
331 333 701
331 552 516
331 724 45
332 333 655
332 752 572
333 334 393
333 525 34
334 412 501
334 562 837
334 663 685
335 674 669
335 609 685
336 337 758
336 389 800
337 736 118
337 477 837
338 339 728
339 340 277
339 648 20
340 341 672
341 342 758
341 682 114
342 343 107
342 486 836
343 344 19
343 672 12
343 594 940
344 345 30
344 346 69
345 346 517
345 347 132
345 368 755
345 712 15
346 544 322
346 480 699
347 348 808
347 703 726
347 599 362
348 732 845
348 429 294
348 809 295
348 487 653
348 587 704
349 351 207
349 731 93
349 538 60
350 352 65
350 622 621
350 530 404
350 583 959
351 698 781
351 489 333
352 353 882
352 354 654
354 355 703
354 356 935
355 356 386
355 541 128
356 357 763
356 480 528
356 761 850
357 492 413
357 817 57
357 366 913
358 736 110
359 360 892
359 819 206
360 476 789
361 362 885
362 847 972
362 722 737
362 427 680
363 364 774
363 597 434
363 693 96
364 365 920
364 366 703
365 367 731
365 430 27
366 645 296
367 593 890
369 371 558
369 505 799
369 694 39
370 371 702
370 372 129
371 373 988
371 790 899
372 674 741
372 568 589
373 641 650
374 486 55
374 398 481
375 709 259
375 535 463
376 425 232
376 609 580
377 633 136
377 490 922
378 380 959
378 840 193
379 381 344
380 787 339
381 630 789
381 621 817
382 383 784
382 720 20
382 560 963
383 693 480
383 665 509
384 385 123
384 844 471
385 387 358
385 777 824
386 387 472
386 669 652
387 619 65
388 390 182
390 391 113
390 392 574
391 393 571
391 603 739
392 394 650
392 632 187
393 670 257
393 593 624
393 617 790
394 396 452
394 412 903
394 683 968
395 840 326
395 758 31
395 557 874
395 641 117
396 397 261
397 829 94
397 708 31
398 558 248
399 400 512
399 508 128
399 760 417
400 770 384
401 402 652
401 563 199
402 683 847
402 836 939
403 477 470
404 406 43
404 749 412
404 637 534
405 406 292
405 407 964
406 408 823
406 754 992
406 633 448
407 409 182
407 497 871
408 410 36
409 411 70
410 411 774
410 759 83
411 412 776
411 695 944
411 692 220
412 413 951
412 649 878
412 478 193
413 415 990
414 415 750
414 749 33
415 417 562
415 442 850
416 417 474
416 593 274
417 419 386
417 827 464
418 420 755
418 767 153
419 420 411
419 421 146
420 422 990
420 816 931
420 465 636
420 545 813
421 672 684
421 513 168
421 779 814
422 423 73
422 424 27
423 425 809
425 427 520
426 664 4
426 494 87
427 569 404
427 703 25
428 485 23
428 681 727
429 431 262
429 611 265
431 496 803
431 858 369
432 638 57
433 600 871
433 789 235
434 435 341
434 436 548
434 460 98
435 712 692
435 853 719
435 478 978
436 438 332
436 767 221
436 734 540
437 438 793
438 440 390
439 440 839
439 441 301
440 442 21
440 486 43
440 536 637
441 442 292
441 443 192
441 495 143
442 444 506
442 815 253
443 444 400
443 445 985
443 488 373
444 446 362
445 447 333
445 459 452
446 758 976
447 731 531
447 461 947
447 671 584
448 449 409
448 450 451
448 491 600
449 451 707
450 451 24
451 453 15
452 675 52
452 688 361
452 486 566
453 553 663
453 823 219
454 455 874
454 694 496
455 559 992
455 657 923
455 822 750
456 831 839
456 686 568
457 696 288
457 734 365
458 459 613
458 557 348
459 460 449
460 653 212
461 462 400
461 488 401
461 778 674
461 656 957
462 464 959
462 473 42
462 668 479
463 657 688
464 465 102
464 466 630
464 606 534
464 753 905
466 468 984
467 468 826
467 585 870
468 470 957
468 798 72
468 771 213
469 470 576
469 562 532
469 718 48
470 472 882
471 473 22
471 567 854
472 473 853
472 474 162
473 474 722
473 475 608
473 794 418
474 476 496
474 588 283
475 476 100
475 760 900
475 785 498
476 477 632
477 479 687
477 665 689
477 766 487
478 479 767
478 480 100
482 484 201
482 720 839
482 856 289
483 739 589
484 485 649
484 486 376
484 580 771
485 516 310
485 571 781
486 488 314
487 488 92
488 761 365
489 615 954
490 492 45
490 518 82
490 765 140
491 786 433
492 599 931
492 600 941
492 788 974
493 529 414
493 797 162
494 781 528
496 497 855
496 498 981
497 841 380
497 591 564
498 500 628
498 574 754
499 501 495
499 768 208
500 535 68
500 547 651
500 776 876
501 502 549
501 636 182
504 505 718
504 506 552
505 613 532
506 747 532
507 631 705
507 708 93
508 756 376
508 735 896
509 511 505
509 591 26
509 626 566
510 823 688
511 512 195
511 843 702
511 561 637
512 513 979
512 754 942
513 525 833
514 516 687
514 667 315
515 734 92
515 684 753
516 517 129
516 576 728
517 823 537
518 519 811
518 612 704
518 613 601
518 723 421
519 705 596
520 521 54
520 701 978
521 523 7
522 523 982
522 524 503
522 661 915
522 848 993
523 594 477
524 525 780
524 844 501
525 526 615
525 579 825
527 528 292
527 529 556
528 757 522
528 631 802
529 531 527
529 567 323
530 532 843
530 599 115
530 738 752
530 850 644
531 532 305
531 655 197
531 729 66
532 850 30
533 535 481
533 625 824
534 571 946
535 536 20
536 538 843
536 783 397
537 792 231
538 552 77
539 540 19
539 813 225
540 541 767
542 781 765
542 734 529
543 544 265
543 609 275
544 611 919
544 650 526
545 546 122
545 745 975
546 547 947
546 548 438
546 714 446
547 831 226
547 667 42
547 700 350
547 766 472
547 803 278
548 549 756
548 550 26
549 550 697
549 643 154
550 551 812
550 760 556
551 552 200
551 553 199
551 701 716
552 812 645
553 738 294
554 555 772
554 682 175
555 556 543
556 654 125
556 779 267
557 582 50
558 605 321
558 819 530
559 561 473
560 561 952
561 563 1
561 814 190
563 565 619
564 603 574
564 854 660
564 707 262
565 611 659
566 583 207
568 729 923
569 571 845
569 699 111
571 572 338
572 574 503
572 780 718
572 741 622
573 575 148
573 769 674
574 575 106
574 753 160
575 713 523
576 577 24
576 795 445
577 578 279
577 579 85
578 580 48
579 580 13
579 581 989
580 644 247
581 582 96
581 652 152
582 583 810
584 755 197
584 858 48
585 587 119
585 775 55
586 785 336
587 588 188
588 686 146
588 697 353
588 713 548
589 643 151
589 617 109
590 592 517
591 592 144
591 675 71
592 593 456
593 754 320
593 839 332
594 595 395
594 660 187
595 596 862
595 830 401
596 597 969
596 598 81
597 598 150
597 812 21
598 600 968
599 733 258
599 840 341
600 823 356
601 602 139
601 603 535
601 752 717
602 604 471
602 679 914
604 605 736
604 606 853
605 814 756
606 607 4
607 623 390
608 610 555
608 707 739
608 852 471
609 612 431
610 612 323
612 669 352
614 615 667
615 616 273
616 826 661
617 739 352
617 790 273
618 619 853
618 620 305
619 620 778
619 621 810
620 621 319
620 725 837
621 622 114
621 623 628
622 623 752
622 624 407
623 624 308
623 625 912
624 625 558
624 777 700
625 627 57
625 721 116
625 850 104
626 628 434
627 703 507
627 744 206
628 630 581
628 645 783
628 807 153
628 848 714
629 630 400
629 631 225
630 662 81
631 736 240
635 636 880
636 637 612
636 774 474
637 781 416
638 704 977
638 724 964
639 641 431
639 741 790
639 695 914
640 641 956
640 642 577
640 735 547
641 824 697
642 643 202
643 644 391
644 646 455
644 655 554
645 646 861
647 832 362
647 658 799
648 650 18
649 651 52
650 651 705
651 652 151
651 713 472
652 654 399
652 670 241
653 655 947
654 655 190
654 656 679
656 792 962
657 659 735
658 659 234
658 660 125
659 660 457
659 661 1
660 661 879
660 720 530
661 663 59
661 788 507
662 808 199
663 664 575
664 666 301
666 859 900
666 681 512
667 669 102
667 739 517
668 670 810
669 671 447
669 687 268
670 744 868
671 672 782
673 736 913
674 676 330
674 727 377
675 677 423
676 677 212
676 678 864
677 678 282
677 679 782
678 679 551
678 680 620
678 778 999
679 680 927
679 737 322
681 683 638
681 768 200
682 684 102
682 727 743
684 686 783
686 832 549
688 719 749
689 690 626
689 691 898
690 799 478
690 782 662
691 693 844
691 708 369
691 744 185
692 693 843
692 851 126
694 710 671
694 839 105
695 697 200
695 750 535
696 698 740
697 699 350
697 803 63
698 699 191
698 807 613
698 780 472
699 818 850
699 730 845
700 702 280
701 750 743
702 703 878
703 799 912
704 705 629
705 715 507
706 708 844
708 709 776
708 710 909
708 748 364
709 805 150
710 711 919
710 712 278
711 785 974
711 844 897
713 714 277
716 717 295
717 719 119
718 720 918
718 782 350
720 854 758
721 722 992
721 731 795
722 724 25
722 774 544
723 724 214
725 726 956
726 728 453
726 826 815
728 730 122
729 731 703
731 732 151
731 733 760
731 767 359
732 733 122
732 782 849
736 737 918
737 738 826
737 846 679
738 740 344
740 742 966
741 831 265
742 743 859
742 744 487
743 775 640
746 747 649
746 748 945
747 818 386
748 750 294
749 751 460
751 753 999
756 757 266
756 840 79
757 759 606
758 759 581
758 772 195
759 760 139
759 761 424
760 761 401
760 762 775
761 763 93
762 764 255
762 840 65
763 764 133
764 765 757
764 779 894
765 773 602
768 770 991
768 832 55
768 800 967
769 770 212
769 771 909
770 772 311
770 802 935
771 772 449
772 774 220
773 775 663
776 801 480
777 786 384
781 782 386
783 784 259
785 802 26
786 787 963
786 854 17
788 790 22
789 790 420
789 791 595
789 804 595
790 792 677
791 793 230
793 795 731
793 812 858
796 797 869
796 798 95
797 798 218
798 800 832
799 800 863
800 801 342
801 836 808
803 857 70
804 817 258
805 827 188
806 807 108
806 808 994
808 809 987
810 812 691
811 812 343
811 813 17
812 814 260
813 814 318
814 816 121
816 817 7
816 818 919
817 819 392
818 820 798
819 820 428
820 821 254
821 822 784
823 824 560
823 825 600
824 826 695
825 826 225
825 827 621
826 827 150
828 829 467
828 830 335
829 831 890
830 831 890
832 833 84
832 834 347
833 835 231
834 836 583
836 838 77
837 843 761
838 839 352
838 840 90
840 841 63
841 843 763
842 843 252
842 844 586
843 845 899
844 846 622
844 857 737
846 847 584
846 848 444
847 848 755
847 849 753
851 853 27
852 854 613
855 856 738
855 857 969
856 858 672
858 859 272