0 379 610
0 89 908
0 357 56
0 250 551
0 195 672
1 379 363
1 288 507
1 149 946
2 4 666
2 312 713
2 136 634
2 120 485
2 204 659
3 4 28
3 26 182
3 186 886
3 241 281
4 113 414
4 253 939
4 175 126
4 145 431
4 202 38
5 94 965
5 172 914
5 113 853
6 7 965
6 186 949
6 261 812
7 102 458
7 101 688
7 230 127
7 263 718
8 324 180
8 145 199
9 10 375
9 11 735
10 276 694
10 194 671
11 108 567
11 214 922
12 195 938
12 52 449
12 320 911
13 15 979
13 42 180
14 22 750
14 299 552
14 66 207
14 348 870
15 16 617
15 26 528
15 139 155
15 52 511
16 49 185
16 180 634
16 261 477
16 146 11
17 108 195
17 353 176
17 242 690
18 36 623
18 289 918
18 142 298
19 216 46
19 319 57
19 46 318
20 21 132
20 22 783
21 23 12
21 170 757
22 24 442
22 256 599
23 24 687
23 25 313
23 216 242
23 276 390
24 26 548
24 252 289
24 57 748
25 99 763
25 79 535
25 296 941
25 258 628
25 160 108
26 89 924
26 121 938
26 47 533
26 128 750
26 378 482
27 97 912
27 243 318
27 73 944
28 235 445
28 256 334
28 92 954
29 30 444
29 31 497
29 336 760
30 31 940
30 84 575
30 281 240
31 32 795
31 158 436
32 33 359
32 73 375
33 115 491
33 232 626
34 36 245
34 339 963
34 104 906
34 150 302
35 36 634
35 198 155
35 376 371
35 162 91
35 166 488
36 37 311
36 38 921
36 353 510
36 371 452
37 206 406
37 342 227
37 182 238
38 114 623
38 280 192
39 370 395
39 264 641
40 354 84
40 51 735
41 42 310
41 121 894
41 227 8
41 326 244
42 312 924
42 257 671
42 189 468
43 44 553
43 45 813
43 65 507
44 45 660
44 46 908
44 72 785
44 242 918
45 257 363
45 62 249
45 167 450
45 170 279
46 195 258
46 167 584
47 48 206
47 219 734
48 347 82
48 320 357
49 291 504
49 227 324
49 122 749
50 52 505
50 334 710
50 94 306
50 184 511
51 206 297
51 155 474
51 144 344
51 274 515
52 227 598
53 54 357
53 55 101
54 55 843
54 56 984
55 56 857
55 203 822
55 145 905
56 57 496
56 278 851
56 283 650
57 59 728
58 59 634
58 138 180
58 197 601
58 101 521
58 362 816
59 61 31
59 343 818
59 90 749
59 224 898
60 179 197
60 199 109
60 319 381
61 242 191
61 374 486
61 183 237
62 63 228
62 64 324
63 64 987
63 151 967
63 258 935
64 66 141
64 233 46
64 256 684
64 280 91
65 200 818
65 331 202
66 312 140
66 300 365
66 235 793
67 348 222
67 200 327
67 86 277
68 106 959
68 306 53
68 319 377
69 71 465
69 171 786
69 241 487
70 71 652
70 110 213
70 218 943
70 270 609
70 162 762
70 175 822
71 72 680
71 73 137
71 339 833
72 332 735
72 77 864
73 134 218
74 76 333
74 290 228
74 85 326
74 266 977
75 332 529
75 184 990
75 367 529
75 92 944
76 77 673
76 252 277
76 139 225
76 224 183
77 174 102
77 128 217
78 80 33
78 259 575
78 204 683
78 283 708
78 87 1
78 168 997
79 310 90
79 131 825
80 266 396
80 311 692
80 157 389
81 82 812
81 336 82
81 356 10
82 313 203
82 264 601
83 84 571
83 85 154
84 85 521
84 86 300
84 310 15
85 269 41
86 87 971
86 88 588
86 218 717
87 336 72
87 253 156
87 277 132
87 335 736
88 90 90
88 348 811
89 130 577
89 326 858
90 103 547
90 202 726
90 97 478
91 278 47
91 119 463
91 199 705
92 93 857
92 98 886
92 199 601
92 279 37
93 94 161
93 95 949
94 95 144
94 149 134
94 309 993
95 97 462
95 168 126
95 282 387
96 97 247
96 98 589
96 170 419
96 279 921
96 366 419
97 299 939
97 244 674
97 360 546
97 162 212
98 165 131
98 313 940
99 100 522
99 109 443
99 203 860
100 102 641
100 171 377
100 264 863
101 230 145
101 210 6
102 104 902
102 341 453
103 105 279
104 182 630
104 132 101
105 106 90
105 259 230
105 143 130
106 111 326
106 146 280
106 198 438
107 108 442
107 109 489
107 245 20
108 109 808
108 314 173
108 317 788
108 351 860
108 369 198
108 263 415
108 292 678
108 327 427
109 111 382
110 162 259
111 243 659
111 174 474
111 208 950
112 113 91
112 298 661
112 251 649
113 201 451
113 246 85
114 115 653
114 265 520
115 226 287
115 347 183
116 117 891
116 126 786
117 118 923
117 293 989
118 119 933
118 371 350
118 133 23
118 364 862
119 120 475
119 121 512
120 353 11
120 188 60
120 298 304
121 123 497
121 325 132
122 123 945
122 128 381
122 233 748
123 125 141
123 181 753
123 263 613
124 126 86
124 185 454
124 247 694
124 350 982
124 127 253
125 126 311
125 323 488
125 174 467
126 128 954
126 355 868
127 346 55
127 139 829
128 269 153
129 130 653
129 131 591
129 162 803
129 237 27
129 312 116
130 132 249
130 152 72
131 133 619
131 203 941
132 137 670
132 146 610
133 368 617
133 349 911
134 136 186
134 211 651
135 137 290
135 238 693
136 138 91
136 153 266
136 238 442
137 343 959
137 172 204
137 190 462
137 331 485
137 220 708
138 246 819
139 320 198
140 141 791
140 157 45
141 375 72
141 272 786
142 324 799
142 154 374
143 144 28
143 145 98
143 229 993
144 145 64
144 233 413
145 146 132
146 147 754
146 183 335
147 149 825
147 348 71
148 215 640
148 296 971
148 287 735
149 283 340
149 172 224
150 151 130
150 249 709
151 379 502
151 189 155
152 318 566
152 308 152
153 155 347
153 304 860
154 160 122
155 284 311
155 346 886
156 158 442
156 266 136
157 158 272
157 372 802
158 160 703
158 262 148
158 285 173
159 160 684
159 174 248
159 356 771
159 272 309
160 347 201
160 243 982
160 368 923
161 323 370
161 352 985
161 310 263
161 213 696
162 171 595
162 194 305
163 164 696
163 321 77
164 354 708
164 337 967
165 333 275
165 227 393
166 226 295
166 228 295
167 232 674
167 374 212
167 345 703
168 302 759
168 364 945
169 171 251
169 279 112
169 211 599
169 231 842
169 305 934
171 172 881
171 246 344
171 251 306
172 267 335
173 225 974
173 282 416
174 176 197
174 208 63
174 234 179
174 280 266
175 176 600
175 237 894
176 177 752
176 178 45
176 210 869
177 178 471
177 214 648
177 266 910
178 179 263
178 180 817
179 180 2
179 272 105
179 269 182
180 182 246
181 182 142
181 301 550
182 183 468
182 302 69
185 186 667
185 266 27
186 338 415
186 222 704
187 337 558
187 271 413
188 190 732
188 291 545
188 295 694
189 190 594
189 191 660
189 314 715
189 332 84
190 192 722
191 192 688
191 193 367
192 193 241
192 194 100
192 328 744
192 212 112
193 357 546
193 197 526
194 326 446
194 293 33
195 196 929
196 198 433
196 324 414
197 224 436
198 262 95
198 323 920
199 200 148
199 309 294
200 202 10
200 297 559
201 203 860
201 283 705
201 301 943
203 205 320
205 206 138
205 262 600
205 307 553
206 208 229
206 276 678
206 304 254
207 208 148
207 248 405
207 302 610
208 321 216
208 375 857
209 210 304
209 288 539
209 234 764
210 218 493
211 213 514
212 335 952
212 307 153
213 214 46
214 216 794
215 336 258
215 235 850
215 282 58
215 227 947
216 218 805
216 327 300
217 218 470
217 219 75
217 275 52
219 243 83
219 375 737
220 236 349
220 368 255
220 255 455
220 235 560
221 223 664
221 320 882
222 314 751
222 236 279
223 224 330
223 344 172
225 226 975
225 227 775
226 227 981
226 228 879
227 334 774
227 288 522
228 229 887
228 337 781
229 340 624
230 232 630
230 361 588
231 233 3
231 268 85
232 234 725
232 274 86
232 326 369
233 234 179
233 235 335
234 313 885
236 237 152
238 240 264
239 241 349
239 310 792
239 294 818
239 296 935
239 328 724
240 242 409
240 285 468
240 363 76
241 244 310
241 343 419
244 271 798
244 352 619
245 246 622
245 374 562
246 248 183
247 249 327
248 250 723
249 352 233
250 251 587
250 252 116
250 346 864
251 252 947
252 254 304
253 335 284
254 255 481
254 294 992
255 256 304
255 308 482
257 259 407
258 259 913
259 324 615
259 349 177
260 261 307
260 262 452
260 317 252
262 305 362
263 321 752
264 275 289
265 266 157
265 344 277
266 352 37
267 269 351
268 269 812
269 289 932
269 373 187
270 272 637
271 272 711
272 274 856
273 275 294
273 284 810
274 376 88
275 276 86
276 340 94
277 278 48
278 280 760
281 282 175
281 370 584
282 297 899
282 288 925
282 341 763
283 294 203
284 286 493
284 318 382
285 287 228
286 287 796
286 288 362
287 288 820
288 292 927
289 291 748
290 291 820
290 292 157
291 292 642
292 348 657
293 294 836
294 296 262
295 296 794
295 366 545
297 299 664
298 342 345
299 301 531
299 362 586
300 366 816
301 303 948
301 339 773
302 349 487
302 358 210
303 304 86
303 305 212
306 308 259
307 309 512
308 309 782
311 313 346
312 313 363
315 316 867
315 327 237
316 317 218
316 318 375
316 340 422
318 376 862
319 337 882
320 356 475
322 323 32
322 324 52
324 325 234
324 326 924
324 373 967
325 327 277
329 333 274
329 358 869
330 371 305
330 357 470
333 335 652
333 359 691
334 336 932
335 344 72
338 339 965
338 340 604
340 342 993
341 359 644
342 343 854
343 344 4
344 346 16
344 350 406
345 346 718
345 360 545
346 348 530
347 348 646
347 349 199
347 372 658
348 373 327
351 353 768
353 355 485
353 377 845
354 355 215
354 358 989
355 356 78
355 357 576
356 358 308
357 359 241
358 359 345
359 360 365
359 361 797
361 363 879
363 372 765
365 366 391
365 367 456
367 369 177
369 371 434
369 378 531
370 371 116
371 373 724
372 373 610
375 376 881
376 378 290
377 378 283