0 819 105
0 818 657
0 650 587
0 329 796
0 166 201
1 538 12
1 328 72
1 284 105
1 623 918
2 30 550
2 776 926
2 515 944
2 367 185
2 412 232
3 4 817
3 5 792
3 153 340
4 5 620
4 6 333
4 321 376
4 747 242
4 264 584
5 7 514
5 157 413
6 8 733
6 679 895
6 265 30
6 23 657
7 8 117
7 358 176
8 10 280
8 177 503
8 97 521
8 137 438
9 339 666
9 774 607
9 310 887
9 377 160
10 556 677
10 742 862
10 172 560
10 218 182
11 391 927
11 125 756
11 468 293
12 13 140
12 697 963
13 526 492
13 209 586
13 44 526
13 372 142
13 462 607
14 776 146
14 260 120
15 17 282
15 344 757
15 44 381
15 553 402
16 17 724
16 480 785
16 411 450
17 807 309
17 593 705
17 695 933
17 342 46
17 786 539
18 19 847
18 315 464
18 675 575
19 20 181
19 21 481
19 325 151
20 22 920
20 663 197
20 339 326
20 571 705
21 233 464
21 425 508
21 310 76
22 23 600
22 524 474
22 678 391
22 362 724
23 24 674
24 361 253
24 592 118
25 26 612
25 534 948
25 329 341
26 28 539
26 44 445
26 133 75
26 167 467
26 204 803
26 625 909
26 649 942
27 28 145
27 29 906
27 705 846
28 615 214
28 152 36
28 453 321
29 30 840
29 328 972
29 390 403
29 454 509
30 32 779
30 34 827
30 611 718
31 32 401
31 728 784
31 538 779
32 261 888
32 180 733
33 493 161
33 131 794
33 726 764
34 628 69
34 746 870
34 751 778
34 749 884
34 663 494
35 36 167
35 37 99
35 517 16
35 150 241
36 722 15
36 393 819
36 664 228
37 38 91
37 39 67
37 431 991
37 691 156
38 39 875
38 330 477
39 408 35
39 750 219
39 292 758
39 327 403
40 790 224
40 303 92
40 206 932
41 256 842
41 455 130
41 627 4
42 89 240
42 267 537
42 190 196
43 45 215
43 251 591
43 465 714
43 734 136
44 370 596
45 46 754
45 47 349
46 47 385
46 48 31
46 57 280
47 48 109
47 49 862
47 174 215
48 49 534
48 564 413
48 759 895
49 50 14
49 317 378
49 320 795
49 250 548
50 51 776
50 812 807
50 742 95
50 817 195
51 53 371
51 546 510
51 164 253
51 683 950
52 54 168
52 84 939
52 727 535
53 54 694
53 55 914
53 467 527
53 538 464
53 766 179
54 170 723
54 172 281
54 800 904
54 721 445
55 277 854
55 383 183
55 611 829
55 705 669
56 57 655
56 682 298
56 584 970
57 165 912
57 671 812
57 226 839
58 581 943
58 731 503
59 60 396
59 61 230
59 118 480
59 355 813
60 765 519
60 665 363
61 63 168
61 89 78
61 318 688
61 646 468
62 620 156
62 346 883
63 65 907
63 586 634
63 738 999
63 144 612
63 467 9
64 66 817
64 114 469
64 280 893
65 67 831
65 281 370
65 188 193
66 67 686
66 68 287
67 68 409
67 69 36
67 134 980
67 275 653
67 627 112
68 431 665
68 496 494
68 83 823
68 404 740
69 70 700
69 86 599
69 406 76
69 710 642
70 688 366
70 249 162
70 316 398
70 727 737
71 72 970
71 496 131
71 134 691
71 722 352
72 73 449
72 533 490
72 629 579
73 74 60
73 75 255
74 75 479
74 742 259
74 247 661
75 76 251
75 77 501
75 745 119
76 77 37
76 794 834
76 610 972
77 105 829
77 98 307
77 549 220
78 79 354
78 94 1
78 242 671
78 561 224
79 80 254
79 467 743
80 81 288
80 290 474
80 238 223
80 94 578
80 402 874
81 367 255
81 361 703
81 435 107
81 743 829
81 546 916
82 768 40
82 296 272
82 542 529
83 650 886
83 205 735
83 707 312
83 480 416
84 341 739
84 542 633
84 605 453
85 583 259
85 668 382
85 517 769
85 798 253
86 576 746
86 557 281
87 715 745
87 557 443
87 209 328
87 461 328
88 89 650
88 662 653
88 320 749
88 496 921
89 91 897
89 623 562
89 756 269
90 182 421
90 326 761
91 816 595
91 445 376
91 395 153
91 152 618
91 406 935
92 94 447
92 719 731
92 182 938
92 591 695
92 781 406
93 94 259
93 95 495
94 95 486
95 97 907
95 560 399
96 98 644
96 509 123
97 204 760
97 322 875
97 369 120
98 100 502
98 287 802
99 375 112
99 117 634
99 439 286
100 102 430
100 791 349
100 520 942
101 102 91
101 792 881
101 132 29
102 103 438
102 488 93
102 326 300
103 104 534
103 295 332
104 105 524
104 106 124
104 163 350
104 326 17
104 732 667
104 380 245
105 557 452
105 284 495
106 107 16
106 108 441
106 149 957
107 109 731
107 281 377
107 777 327
108 110 239
108 398 928
109 724 305
109 439 408
109 720 920
109 302 791
109 407 406
109 753 168
110 402 521
110 297 474
110 503 613
111 113 43
111 685 874
111 670 24
112 113 159
112 114 848
112 404 922
112 414 187
113 115 909
113 592 82
113 558 788
113 662 636
114 207 587
114 764 303
115 220 743
115 420 131
115 560 17
115 571 123
115 791 291
115 607 511
115 315 257
116 118 936
116 367 92
116 166 158
116 464 735
117 566 284
118 226 461
119 360 30
119 414 725
120 121 628
120 157 520
121 699 116
121 522 702
121 493 313
122 593 490
122 795 391
123 444 377
123 269 398
123 146 914
124 134 22
124 426 609
124 611 118
125 512 15
125 374 825
125 479 804
126 645 323
126 196 304
126 652 366
126 498 818
127 128 854
127 535 786
127 764 942
128 129 121
128 130 390
128 526 6
128 709 687
128 263 177
128 803 179
129 130 270
129 379 188
130 131 212
130 132 483
130 137 153
131 133 269
131 135 950
131 292 266
132 134 51
132 294 90
132 587 381
133 712 644
133 466 196
133 810 44
134 276 900
134 797 540
135 136 747
135 476 969
135 541 164
136 137 418
136 310 723
138 139 666
138 813 353
138 538 82
139 728 571
139 759 924
140 530 992
140 400 194
140 399 837
141 142 427
141 143 612
142 314 667
142 336 360
143 145 657
143 495 491
144 145 195
145 254 204
145 412 618
145 765 620
145 154 650
146 147 75
146 769 793
146 286 349
146 791 928
147 149 288
147 370 563
148 149 613
148 671 404
148 720 457
149 696 356
150 151 656
150 226 660
150 548 114
151 395 622
151 295 383
151 155 430
151 343 903
151 701 777
153 493 329
154 378 645
154 195 174
154 795 994
155 156 410
155 531 382
156 571 303
156 475 489
157 159 554
157 706 51
157 249 65
158 215 469
158 628 387
158 432 312
159 161 967
159 487 944
160 162 273
160 562 943
160 293 646
160 448 563
161 163 89
161 463 821
162 242 370
162 498 396
162 179 360
162 203 98
162 304 36
162 681 803
163 714 833
163 807 338
164 177 365
164 750 24
164 429 930
165 588 145
165 499 881
166 524 103
167 438 731
167 767 44
168 169 835
168 188 582
169 171 402
169 208 151
169 419 191
170 172 100
170 226 519
170 463 28
170 260 417
170 728 401
171 172 445
171 173 410
172 502 974
173 174 391
173 330 421
173 713 541
173 748 680
173 670 289
173 337 102
173 505 98
174 320 97
174 501 368
175 657 971
175 399 293
175 753 974
175 205 53
176 814 16
176 681 434
176 606 190
177 769 258
177 299 849
178 415 639
178 781 624
178 680 526
179 259 351
179 754 510
180 709 383
180 710 666
180 479 828
181 183 306
181 571 316
182 323 763
182 667 687
183 425 716
183 417 121
183 701 344
183 204 862
184 545 794
184 342 749
184 228 491
185 186 316
185 474 388
185 759 918
186 187 643
186 188 920
186 423 707
187 188 118
187 622 778
187 434 678
188 811 906
189 457 314
189 640 291
189 228 124
189 556 298
190 191 153
190 192 394
190 241 885
190 600 468
191 192 245
191 193 145
191 723 698
192 193 159
192 278 304
192 733 334
192 287 698
193 195 435
193 544 562
193 213 401
194 399 600
194 254 486
194 208 740
194 578 577
194 595 661
195 197 587
195 471 834
196 198 853
196 242 193
196 311 998
197 198 562
197 251 961
198 199 461
198 390 226
198 813 559
199 609 842
199 626 228
200 201 255
200 320 344
200 288 184
200 741 548
201 203 840
201 297 705
201 364 694
201 472 364
202 203 513
202 204 747
202 433 831
203 636 959
204 360 112
204 386 543
205 334 890
205 396 994
205 535 956
205 554 465
205 696 407
206 207 482
207 209 563
207 618 498
207 356 726
207 450 313
208 209 463
208 489 628
209 315 376
209 648 707
210 211 185
210 248 138
210 658 711
210 438 339
210 819 428
211 212 954
211 213 253
212 342 297
212 432 12
213 215 723
214 215 161
214 216 982
215 216 850
215 663 354
216 260 906
216 530 630
216 655 84
216 478 829
216 806 141
217 219 546
217 281 67
217 264 119
217 551 182
218 219 593
218 497 430
218 707 863
219 220 545
219 221 650
219 706 594
220 222 459
220 278 276
220 248 345
221 222 4
221 421 839
221 774 105
222 224 402
222 727 685
222 391 466
223 224 748
223 635 129
223 388 588
224 225 386
224 226 704
225 226 779
225 227 194
225 283 122
226 791 684
226 446 811
227 483 577
227 654 278
227 606 315
228 229 544
228 736 200
229 786 105
229 676 513
229 633 501
229 755 929
230 231 691
230 619 820
230 436 626
231 233 123
231 467 989
231 704 253
232 233 864
232 597 366
233 234 790
233 235 292
233 698 184
234 235 456
234 236 455
235 237 800
235 779 256
235 453 892
235 544 243
236 237 362
236 756 320
236 816 383
236 331 182
237 239 281
237 753 98
238 239 374
238 240 428
239 241 39
239 292 303
240 294 175
240 458 745
240 660 544
240 716 536
241 372 648
241 245 540
241 566 93
242 599 213
243 244 894
243 367 662
243 292 771
244 246 291
244 782 371
244 308 703
245 386 868
246 247 924
246 305 108
247 248 450
247 249 708
247 493 965
247 261 383
248 391 771
249 533 798
250 251 772
250 687 323
251 599 949
251 262 711
252 253 51
252 357 870
252 622 787
252 583 378
253 726 85
253 554 590
253 374 641
254 255 868
254 336 435
254 532 718
255 256 681
255 535 974
255 412 59
256 257 929
256 353 703
256 423 729
257 258 271
257 259 880
258 260 547
258 570 987
259 261 94
259 600 383
259 328 248
259 385 112
260 801 218
261 668 419
261 592 388
262 689 887
262 768 500
262 563 584
263 264 391
264 563 429
265 279 740
265 361 915
265 748 381
266 692 389
266 555 885
267 269 806
267 322 397
267 387 458
268 270 92
268 275 438
268 415 368
269 271 590
269 555 34
269 686 699
270 271 225
270 667 134
271 272 452
271 810 150
271 487 657
272 273 301
272 620 468
272 483 736
273 275 788
273 749 347
273 661 477
274 276 51
274 723 600
275 277 910
275 354 405
275 451 685
275 708 293
276 278 53
276 350 851
276 658 413
277 278 300
277 695 36
277 736 663
277 516 256
278 280 909
278 284 535
278 694 423
279 280 15
279 281 39
280 508 170
281 282 139
281 456 246
281 289 858
282 283 657
282 299 159
283 766 774
283 318 651
284 652 38
284 628 428
285 287 686
285 661 393
286 287 448
286 426 610
286 746 572
287 288 996
287 335 66
288 658 130
289 291 910
289 613 810
289 331 778
289 546 639
289 723 889
290 292 979
291 292 118
291 698 289
291 794 54
292 293 98
293 295 377
293 508 506
294 687 495
294 577 275
295 448 481
295 306 603
296 444 82
296 629 630
296 400 863
297 791 832
297 611 951
297 422 62
297 446 68
298 299 264
298 300 78
298 712 766
299 300 550
299 815 14
300 302 213
300 780 24
301 302 708
301 534 522
301 624 858
301 783 529
302 303 653
302 341 501
303 304 829
303 579 891
304 305 930
304 411 560
305 306 996
305 307 369
305 507 808
306 307 503
306 636 223
307 309 206
307 784 42
307 708 856
307 751 634
308 387 425
308 511 389
309 311 929
309 562 992
310 311 169
310 591 924
311 647 882
312 318 827
312 665 816
313 314 452
313 366 261
313 663 163
313 543 343
313 393 977
314 316 162
314 497 958
314 400 408
316 396 870
316 534 341
317 319 672
317 507 553
318 369 735
319 472 69
319 422 405
320 632 943
321 508 631
323 324 753
323 784 730
324 325 785
324 326 663
324 476 956
325 526 744
325 484 955
325 601 919
325 641 919
325 359 370
326 328 813
327 491 20
328 609 787
329 818 597
329 409 844
329 562 213
330 332 392
330 530 791
331 673 308
332 334 84
332 536 843
332 665 788
333 334 688
333 335 89
333 763 299
334 595 931
335 336 870
335 719 568
336 337 560
336 338 62
336 431 412
337 338 615
337 784 26
338 339 934
338 638 993
338 528 202
339 340 409
339 782 48
340 341 124
340 580 482
340 744 876
340 600 427
341 782 197
341 567 293
342 424 564
343 344 181
344 686 354
344 726 726
344 366 785
344 614 627
344 789 515
345 346 401
345 347 435
346 431 576
346 793 644
346 623 707
346 457 477
346 633 824
346 699 828
347 348 835
347 654 319
348 349 971
348 740 295
348 557 120
348 690 158
349 350 950
349 462 89
349 646 821
350 352 368
351 353 358
351 625 941
351 406 705
351 693 617
352 353 966
352 354 568
352 696 988
352 737 668
353 354 57
353 572 600
353 689 436
354 669 355
355 469 270
355 397 825
356 358 170
357 748 298
358 359 568
358 360 291
359 360 621
360 783 896
362 363 442
362 429 974
363 364 556
363 365 627
364 366 905
365 366 238
365 367 178
365 678 136
366 368 885
366 691 112
368 682 640
368 689 140
370 591 534
370 652 951
370 775 595
371 373 882
371 375 246
371 531 15
371 578 905
372 491 528
372 481 64
373 732 448
373 602 734
373 427 883
374 459 623
375 377 893
375 476 735
375 703 566
376 377 402
376 639 223
376 498 861
376 596 232
377 765 52
378 379 588
378 443 926
378 757 272
379 380 770
379 708 393
379 636 940
379 765 984
380 381 595
380 405 895
381 383 30
381 411 681
381 392 791
382 516 918
382 772 81
382 441 950
383 385 772
383 470 774
384 386 746
384 741 422
384 568 717
385 540 487
385 811 40
386 506 929
387 468 580
388 389 933
388 796 151
388 522 498
388 808 788
389 391 569
389 631 567
391 692 227
392 394 392
392 528 972
392 710 415
393 394 67
393 693 427
394 395 596
394 396 172
394 656 226
394 536 814
395 397 169
395 409 918
396 675 901
397 399 956
398 399 818
398 400 360
398 603 874
399 401 973
399 574 342
400 805 635
401 403 109
401 804 827
401 737 370
401 717 879
402 718 384
403 405 643
403 448 693
403 750 567
404 807 984
405 406 840
405 558 855
407 408 911
408 410 185
408 463 391
408 574 863
409 410 301
410 412 543
410 608 156
410 573 791
410 780 969
413 414 573
413 602 204
414 416 401
415 800 868
415 653 570
416 655 747
416 728 592
416 580 500
417 570 694
417 462 504
418 795 532
418 434 266
419 594 773
419 659 175
420 536 68
420 539 181
420 762 24
420 560 506
421 423 56
421 567 454
421 731 528
422 569 275
424 426 360
424 460 859
424 608 850
425 427 884
425 812 825
425 747 886
426 661 189
427 738 98
427 497 601
427 766 160
428 429 717
428 430 59
429 430 116
430 432 446
430 453 389
430 713 974
432 433 539
432 802 49
433 452 561
434 435 13
435 437 867
436 437 146
436 725 57
437 438 123
437 439 618
438 439 433
438 440 172
439 441 343
440 441 781
440 442 870
440 648 82
440 777 299
441 442 353
442 444 60
442 578 204
442 775 791
443 445 267
443 505 265
443 643 216
444 446 458
445 447 274
446 506 319
446 612 367
447 449 506
447 761 434
447 480 780
448 600 505
449 509 251
449 485 236
449 719 469
449 771 723
450 606 404
451 453 443
451 628 2
451 582 985
452 454 846
452 538 99
453 455 985
454 497 696
454 709 551
455 457 308
456 458 185
456 795 32
457 458 972
458 460 538
458 717 286
458 780 139
459 758 908
459 485 425
460 802 280
461 609 194
461 480 603
461 674 567
462 607 713
462 657 383
463 779 484
464 761 279
464 679 635
464 721 475
465 467 779
466 467 730
466 482 7
467 808 977
468 569 169
469 470 313
469 471 164
470 719 292
471 673 326
471 615 918
471 671 605
472 595 350
472 688 663
473 475 180
473 596 538
474 769 175
475 476 126
475 477 68
475 582 681
475 675 195
476 674 994
477 478 730
477 778 494
477 545 629
478 480 116
478 681 950
479 480 402
481 560 918
482 639 406
483 616 752
483 702 212
484 486 387
486 487 54
486 488 220
486 816 24
487 488 735
488 665 996
488 583 865
489 491 948
490 491 594
490 492 248
491 492 341
491 521 364
491 630 385
491 753 542
491 812 58
492 493 359
492 494 706
493 522 211
494 495 641
494 496 324
495 496 805
495 510 852
495 594 502
498 499 16
498 646 5
499 735 556
499 788 299
500 501 681
500 502 46
500 512 447
501 788 286
502 671 700
503 504 593
504 506 457
504 651 593
504 735 683
506 507 928
508 536 918
509 510 715
509 585 229
509 694 241
510 512 338
510 805 770
510 803 945
511 788 985
512 614 790
512 796 562
513 515 779
513 632 426
514 515 445
514 516 90
514 752 439
515 516 818
515 517 357
515 731 566
516 518 53
516 603 735
517 550 856
518 519 1
518 520 557
518 665 729
519 520 35
519 588 179
520 522 649
521 550 601
522 772 127
522 589 757
523 524 410
523 564 38
524 526 80
525 613 378
525 635 749
526 528 837
526 771 882
527 602 706
527 663 904
528 530 301
528 549 379
529 530 367
529 531 37
530 617 704
531 669 868
532 557 973
532 685 357
534 535 755
537 539 122
537 559 922
539 541 334
540 541 862
540 622 586
541 542 882
542 543 466
542 634 858
542 646 905
543 550 124
543 757 822
544 545 107
545 546 443
545 547 137
545 608 534
547 548 263
547 732 848
548 557 27
549 743 8
550 552 677
550 701 786
551 761 863
552 554 106
552 758 560
553 584 233
554 555 553
554 685 30
555 556 62
555 676 446
556 557 56
557 558 785
557 578 998
558 730 6
559 714 467
559 583 497
559 716 259
559 637 5
559 692 308
560 562 737
561 605 399
561 781 752
562 563 818
563 565 183
563 796 180
564 566 118
564 739 97
565 642 326
565 704 343
566 567 559
566 594 986
566 597 275
567 569 380
568 569 105
569 570 954
569 693 298
570 572 437
570 611 820
571 603 164
572 574 6
572 647 271
573 724 886
573 642 193
574 738 515
575 577 241
575 617 361
576 758 398
576 724 463
577 578 605
577 579 334
578 686 427
579 581 559
579 660 647
579 764 872
579 817 176
580 681 60
581 582 476
581 818 903
584 585 282
585 587 782
585 631 240
586 587 183
586 588 378
587 588 413
587 796 70
588 606 59
588 778 506
588 784 369
589 590 73
590 591 680
590 809 143
590 598 322
591 593 100
592 594 654
593 762 90
595 811 364
596 597 23
597 598 933
597 805 539
598 599 856
599 660 755
600 709 510
601 603 502
602 603 40
602 604 998
602 711 971
604 606 829
604 628 655
604 668 375
605 816 783
605 749 667
606 721 662
607 608 295
608 786 735
609 610 295
610 665 620
612 695 142
612 700 874
613 614 315
613 615 332
613 706 488
615 681 396
616 617 705
616 726 563
617 619 951
617 749 101
618 619 290
618 620 416
618 801 234
619 620 394
619 621 7
620 622 741
621 623 382
621 650 55
621 667 728
621 712 416
621 765 762
622 624 297
622 673 806
623 624 412
623 641 820
624 665 48
625 627 852
626 627 681
626 628 504
627 629 247
629 631 103
629 792 975
630 818 444
631 633 67
632 634 173
633 634 105
634 801 744
635 637 469
636 751 464
637 639 697
637 801 230
638 640 448
638 743 394
639 641 795
639 754 730
640 642 215
642 643 373
642 777 686
643 645 645
644 646 232
644 719 758
645 646 453
645 647 412
647 649 219
647 681 256
649 650 458
650 651 476
650 652 626
651 652 940
651 653 549
652 653 667
653 789 347
654 655 924
654 656 711
655 681 635
656 658 25
656 797 938
657 795 178
659 661 718
660 662 30
660 722 687
661 732 453
662 664 87
663 699 470
664 800 432
666 667 847
666 668 559
669 671 885
669 735 631
670 672 812
670 790 424
672 673 281
672 674 390
673 674 121
674 676 350
675 676 734
676 678 949
677 678 463
677 679 412
679 730 923
679 804 811
680 681 963
682 683 650
682 720 684
682 694 203
683 684 622
684 685 577
684 686 872
687 688 348
687 689 866
687 779 107
687 806 245
688 689 81
688 697 694
689 690 491
690 691 147
690 718 628
695 756 903
697 699 598
698 699 642
700 702 539
701 702 904
702 704 121
702 814 966
702 745 938
703 705 297
704 714 608
709 760 19
711 713 940
714 715 891
714 716 925
714 739 243
715 717 684
715 732 504
716 718 588
718 719 621
719 720 659
719 721 84
719 798 32
723 804 220
725 726 145
727 729 969
729 730 498
729 731 671
733 735 494
734 796 532
736 738 318
740 742 455
741 742 187
744 746 900
752 790 187
755 756 266
757 758 866
757 759 303
758 759 337
758 760 60
759 760 572
759 761 469
760 761 222
761 762 87
761 812 427
762 764 897
763 765 839
763 800 32
767 768 502
768 770 326
769 771 419
770 771 935
770 772 623
772 774 927
773 774 421
773 775 958
774 776 439
776 778 385
778 780 50
778 785 396
779 781 280
781 811 500
782 783 33
783 784 438
785 787 193
787 788 14
787 789 480
788 789 247
788 790 237
789 790 761
790 791 847
793 795 230
794 795 557
795 801 169
799 800 52
799 801 518
802 803 521
804 805 657
809 810 509
809 811 213
810 811 665
812 814 719
813 815 483
814 815 182
814 816 640
815 816 651