0 219 955
0 218 869
0 110 846
0 148 371
0 44 340
1 219 129
1 166 985
1 218 206
2 3 132
2 164 705
3 185 349
3 62 108
3 59 553
4 5 947
4 23 272
4 90 352
5 6 863
5 31 692
6 15 887
6 118 119
7 8 822
7 9 192
7 143 685
8 9 835
8 10 681
8 99 306
9 11 947
9 114 893
9 47 759
9 209 512
10 11 644
10 12 428
10 185 108
10 194 995
11 135 820
11 165 397
12 36 52
12 169 301
12 57 997
12 52 851
12 125 145
13 199 246
13 174 760
14 16 72
14 180 142
14 193 449
15 16 523
15 73 295
15 104 8
16 45 113
16 207 566
17 58 185
17 72 894
18 19 401
18 88 787
19 20 964
19 130 161
19 53 984
19 116 665
20 21 947
20 214 725
20 126 310
20 74 675
21 22 749
21 46 238
21 163 758
22 201 234
22 113 468
22 57 939
22 62 960
22 131 504
23 24 571
23 51 802
23 63 12
24 26 271
24 217 704
25 27 699
25 172 86
25 70 609
25 212 155
26 28 78
26 132 29
26 103 459
27 28 498
27 186 554
27 77 815
27 168 693
28 29 187
28 140 506
28 96 690
28 103 138
29 30 3
29 73 862
29 109 794
29 55 979
30 32 845
30 214 218
30 39 179
31 32 106
31 158 385
31 69 264
32 130 333
32 183 622
32 95 916
33 34 287
33 35 158
33 100 166
34 36 505
34 131 108
34 199 7
35 36 581
35 61 768
35 127 459
35 64 181
35 197 196
36 38 620
36 106 706
36 76 397
37 38 296
37 129 532
37 181 107
38 40 839
38 115 8
38 56 555
38 213 45
39 139 620
39 101 202
40 41 191
40 65 847
41 42 372
41 174 309
42 165 790
42 139 345
43 44 1
43 112 687
43 106 383
44 117 97
45 46 568
45 60 560
46 206 365
47 48 84
47 157 334
48 61 303
48 130 360
49 50 296
49 161 589
50 93 528
50 202 496
50 55 264
51 207 457
51 148 232
52 53 736
52 112 184
53 54 635
53 156 848
54 56 838
54 166 377
54 140 305
55 56 528
55 127 284
55 91 516
55 141 822
56 57 20
57 58 9
57 115 519
57 216 703
58 60 749
58 104 722
58 78 210
59 61 876
59 155 944
60 61 306
60 62 331
60 79 48
60 120 40
60 123 300
61 118 985
63 120 766
64 65 445
65 66 444
65 67 26
66 84 532
66 184 958
67 110 857
67 218 292
67 185 645
67 130 942
68 69 613
68 117 654
69 70 86
70 71 663
70 175 190
70 148 255
70 185 739
71 186 983
71 88 936
72 73 168
72 130 434
72 126 472
73 75 211
74 75 850
75 77 701
75 96 995
75 82 63
76 105 163
76 135 725
76 219 276
76 82 979
77 79 378
77 92 594
77 89 527
78 214 843
79 164 57
79 125 83
79 173 781
80 82 777
80 96 607
81 82 855
81 83 49
81 190 376
83 85 21
83 92 412
83 84 780
83 132 827
83 152 631
84 122 813
84 178 695
85 86 619
85 147 45
85 98 411
86 88 373
86 147 908
86 193 4
87 89 337
87 105 328
88 90 405
88 117 904
88 147 386
89 219 784
89 182 549
90 108 170
90 109 290
91 212 26
91 195 376
92 93 220
92 94 288
93 94 415
93 190 649
94 95 120
94 96 121
94 124 594
95 184 108
95 136 70
95 132 325
95 98 951
96 97 705
96 98 43
96 142 263
97 99 128
97 105 371
97 151 654
98 99 825
99 101 250
99 211 929
100 138 413
100 146 775
101 218 210
102 135 64
102 131 185
104 105 119
105 107 462
105 208 591
105 164 453
106 108 873
106 193 66
107 108 136
107 207 560
107 183 870
108 110 593
108 114 210
108 134 430
108 189 456
110 175 860
110 117 149
111 112 900
111 113 881
112 125 989
113 148 15
113 117 65
114 115 405
114 116 240
114 144 657
115 116 141
115 117 128
115 200 484
115 150 850
116 117 886
117 119 645
117 183 212
117 149 173
118 119 965
118 120 661
118 175 227
119 120 643
119 121 816
119 212 771
119 184 772
120 143 94
120 135 189
120 202 577
121 122 681
121 123 122
121 217 500
122 158 664
122 129 858
122 132 520
123 211 61
123 161 820
124 125 730
124 187 549
125 215 704
126 127 78
126 128 95
127 170 958
128 129 292
128 199 628
128 146 726
128 151 3
129 218 221
129 165 285
131 216 298
131 154 894
131 171 94
132 211 538
133 144 79
133 181 994
134 218 151
134 188 340
134 155 756
135 137 17
136 179 63
136 206 708
137 138 137
137 139 175
137 176 69
137 210 568
138 139 291
138 193 631
139 158 540
139 181 718
139 215 460
141 142 579
141 174 987
142 143 138
142 160 509
144 145 335
144 149 95
145 187 240
145 168 110
145 207 58
146 175 722
150 156 541
150 209 728
152 153 403
152 204 235
153 154 91
153 182 884
153 158 267
154 212 302
155 156 592
156 157 181
157 158 504
157 167 232
158 178 951
159 160 57
159 161 203
160 162 300
161 162 59
162 163 818
162 211 799
163 164 517
163 180 914
165 167 490
166 167 169
166 168 938
166 213 422
167 169 60
169 171 702
169 179 105
170 172 29
170 218 365
171 172 973
171 197 519
172 173 78
172 174 610
173 192 76
174 175 977
176 178 22
176 184 571
177 178 282
177 179 227
178 179 558
178 180 954
179 205 124
180 181 515
180 184 529
181 201 822
182 213 919
183 217 123
185 215 185
186 193 602
187 188 308
188 190 520
189 190 523
190 192 842
190 207 619
191 192 645
191 193 834
191 196 105
192 193 189
192 194 798
194 195 186
195 197 760
196 197 227
198 199 97
198 200 109
200 210 342
200 208 383
201 210 105
202 203 957
203 205 189
203 212 507
204 206 21
205 206 50
205 207 283
206 207 435
208 210 144
214 216 221
216 217 372
217 219 615