0 2 737
0 576 425
1 216 812
1 488 425
1 382 383
2 4 111
2 21 903
2 537 688
3 4 749
3 5 718
3 436 290
4 591 45
4 584 829
5 7 46
5 432 618
5 137 304
5 270 543
5 603 837
6 8 999
6 352 818
6 118 335
6 406 814
6 583 496
7 9 674
7 480 994
8 9 464
8 548 179
9 11 492
9 18 644
9 206 983
9 364 233
10 12 760
10 633 713
10 102 686
10 643 449
11 12 204
11 375 510
11 630 664
12 27 40
12 237 976
12 306 413
12 563 449
12 228 624
13 579 476
13 393 94
14 16 2
14 224 763
14 308 384
14 518 176
14 77 538
15 16 953
15 117 63
16 18 896
16 317 283
16 582 433
17 19 465
17 123 664
17 343 827
18 20 393
18 572 72
19 436 255
19 332 486
19 585 118
20 278 168
20 99 2
21 22 899
21 641 839
22 24 489
22 27 883
22 469 374
22 201 217
22 240 276
23 25 408
23 638 39
23 483 42
24 225 123
24 538 632
25 75 893
25 197 430
25 50 27
25 149 92
26 27 565
26 389 49
26 471 473
26 501 201
27 554 378
27 37 871
28 29 983
28 126 178
28 301 998
28 199 846
29 30 545
29 31 984
29 619 458
30 32 261
30 168 332
30 585 701
30 414 752
31 32 859
31 564 44
31 396 872
32 108 21
32 349 716
32 272 766
33 35 924
33 245 634
34 35 329
34 207 657
34 302 231
34 349 843
34 600 13
35 286 608
35 46 219
35 310 802
35 210 36
36 334 373
36 481 515
36 165 386
37 291 795
37 127 82
38 247 491
38 506 790
38 611 591
38 369 166
39 40 70
39 41 363
40 41 148
40 176 308
40 209 473
41 43 789
41 231 897
42 43 71
42 470 128
43 45 686
43 216 240
43 153 372
43 471 827
44 46 118
44 395 199
44 353 394
45 267 530
45 215 427
46 309 858
46 527 306
47 48 354
47 397 284
48 50 138
48 272 107
49 50 947
49 654 112
50 506 523
50 73 162
50 172 516
51 52 854
51 80 381
51 396 76
51 374 832
52 553 655
52 603 547
53 55 728
53 75 735
53 538 332
53 539 514
54 55 426
54 56 679
54 468 209
54 323 483
55 57 766
55 87 643
56 57 439
56 58 297
56 569 425
57 59 603
57 572 55
58 59 387
58 180 749
59 60 590
59 501 571
59 593 227
59 274 628
59 453 465
60 61 69
60 218 417
60 416 458
61 390 127
61 94 195
61 283 355
62 63 638
62 64 408
62 469 722
62 561 490
63 95 875
63 477 751
64 163 880
64 533 820
64 595 198
65 319 137
65 134 958
65 553 448
66 525 227
66 594 972
66 512 437
67 498 293
67 236 757
67 475 312
68 524 303
68 368 943
68 422 519
68 496 596
69 193 631
69 504 536
70 404 20
70 98 132
70 636 799
70 566 412
71 72 248
71 610 807
72 204 411
72 324 272
73 108 386
73 110 430
73 536 831
74 472 947
74 242 142
75 76 660
75 176 422
76 77 710
76 561 548
76 462 822
77 124 11
77 438 161
78 118 383
78 244 201
79 81 191
79 623 369
79 415 348
79 502 190
79 292 658
80 410 362
81 140 579
81 156 834
81 399 481
81 625 218
81 356 476
82 83 459
82 132 885
82 613 386
83 459 896
83 144 350
83 559 627
84 85 19
84 86 165
85 87 922
85 259 38
85 619 451
86 88 737
86 307 314
86 608 770
87 228 588
87 284 379
87 370 298
87 529 735
88 90 499
88 139 365
89 90 652
89 181 999
90 635 803
90 214 119
90 521 585
90 580 756
91 421 184
91 268 427
91 205 461
92 235 589
92 516 436
92 279 893
93 94 980
93 95 967
94 228 404
94 512 481
95 206 17
95 482 490
95 429 844
96 204 868
96 473 243
96 218 162
97 99 346
97 121 322
97 122 177
97 560 496
98 412 584
98 466 656
98 514 894
99 100 249
99 601 367
99 331 975
100 101 970
100 102 860
100 316 230
100 300 817
101 102 651
101 103 542
101 257 440
102 327 452
102 203 593
103 104 200
103 648 834
104 175 716
104 224 853
105 163 617
105 657 891
105 500 478
106 107 752
106 108 625
106 465 509
107 109 36
107 405 108
108 110 12
108 360 909
108 187 523
108 496 333
108 224 732
108 512 981
108 650 401
109 111 957
109 389 579
109 227 852
109 412 684
109 510 937
110 111 906
110 295 416
110 567 580
111 113 167
111 400 698
111 219 462
111 562 162
112 113 819
112 447 805
112 534 683
113 114 749
113 359 831
113 237 838
113 340 514
114 212 918
114 659 424
114 272 799
114 408 25
114 421 190
115 160 668
115 286 79
115 462 822
115 463 309
115 145 474
116 143 96
116 643 119
116 142 603
117 118 928
117 119 505
118 522 536
119 632 723
119 183 735
119 557 633
119 556 179
120 324 708
120 213 785
120 280 889
120 468 418
121 354 735
121 409 432
121 294 145
122 218 373
123 124 796
123 125 250
124 126 300
124 244 815
124 579 760
124 506 782
124 609 852
125 126 408
125 352 891
125 509 801
125 316 255
125 239 773
125 633 974
126 128 276
127 454 555
127 547 875
128 129 172
128 130 810
128 196 227
128 547 684
129 130 122
129 131 762
130 331 153
130 255 40
130 200 476
130 354 377
131 181 697
131 319 485
131 507 671
131 534 417
131 524 496
132 134 223
133 135 444
133 288 295
133 322 579
133 570 792
134 136 337
134 444 667
135 136 858
135 238 421
135 350 369
136 138 471
136 627 365
137 598 254
137 218 758
137 564 505
138 147 224
138 305 930
138 371 183
138 451 793
138 170 596
139 591 874
139 254 545
139 368 215
140 141 840
140 198 814
141 142 510
141 143 42
141 318 902
142 144 906
142 223 627
142 160 606
143 145 424
143 188 64
143 413 725
143 375 279
144 146 154
144 279 297
145 462 740
145 307 271
146 548 67
146 495 291
146 170 75
147 149 979
147 243 356
147 273 74
148 480 672
148 318 764
149 570 201
149 172 478
150 287 770
150 653 729
151 153 958
151 539 208
151 386 129
152 153 509
152 154 976
152 511 250
152 637 193
153 588 813
154 155 183
154 315 568
154 211 477
155 157 250
155 287 584
156 158 569
157 159 696
157 304 644
157 267 531
157 639 985
157 243 118
158 160 932
158 366 570
158 386 846
158 627 651
159 577 236
159 544 687
159 504 658
160 161 196
160 547 264
161 163 187
161 231 680
161 287 808
162 163 242
162 405 442
162 360 291
163 284 851
163 534 401
163 308 221
163 639 731
164 183 672
164 370 886
164 177 540
165 190 727
165 294 903
165 326 126
165 479 85
166 526 389
166 452 629
167 168 347
167 169 465
167 345 512
168 496 201
168 472 964
168 657 693
169 171 899
169 316 969
170 171 749
170 172 383
171 455 874
171 365 585
172 548 91
172 597 213
173 175 395
173 442 635
173 426 238
174 175 460
174 584 267
175 176 590
175 177 947
176 222 168
176 281 42
176 599 768
177 178 827
177 236 210
178 179 909
178 238 25
178 348 115
178 499 578
178 602 961
179 180 143
179 393 985
179 206 16
180 399 84
180 564 326
180 267 957
181 182 897
181 425 165
181 649 140
182 336 730
182 303 581
183 424 959
183 316 580
183 290 900
183 625 531
184 404 93
184 354 443
185 511 309
185 193 53
186 600 385
186 596 315
186 655 473
187 189 353
187 415 410
187 644 523
188 189 90
188 474 253
188 256 786
189 190 40
189 191 533
189 244 97
190 191 594
190 291 435
190 261 652
191 627 465
191 421 602
192 393 225
192 584 453
193 194 890
193 510 484
193 568 640
194 195 542
194 511 827
195 197 990
195 342 763
195 584 274
196 197 828
196 220 29
196 331 236
197 199 139
197 258 638
198 200 560
198 653 312
198 337 948
198 233 420
198 532 517
199 200 133
199 486 804
200 201 72
201 544 953
201 397 779
202 409 210
202 248 376
202 440 805
203 205 620
203 572 226
204 205 42
204 496 935
204 301 967
204 410 716
205 206 419
205 517 38
205 656 723
206 483 169
206 580 863
206 268 244
207 457 348
207 567 975
207 498 852
208 209 405
208 246 835
208 472 583
209 210 849
209 211 408
210 235 77
210 277 728
211 292 977
212 213 638
212 214 339
212 277 964
212 379 319
213 215 377
214 360 104
215 217 660
215 376 853
215 522 973
216 657 828
216 233 860
216 549 856
216 523 561
217 399 249
217 524 481
218 260 86
219 221 390
220 222 421
221 222 320
221 223 984
222 224 919
223 225 731
223 251 73
224 289 892
224 441 233
225 226 466
225 227 678
225 229 917
225 475 660
226 227 216
226 359 620
226 296 83
227 424 715
227 333 197
228 229 592
228 240 989
229 249 529
230 529 376
230 362 743
230 298 801
230 518 588
231 233 943
231 371 126
232 234 199
232 476 134
232 269 707
232 488 837
234 399 174
234 543 575
234 481 163
235 236 547
235 237 664
236 302 260
238 240 974
239 584 174
239 533 719
240 321 634
241 610 159
241 622 469
242 509 853
242 435 756
242 621 263
243 244 962
243 328 301
244 246 90
245 246 108
245 247 254
246 248 268
246 324 544
246 491 469
247 329 741
247 477 733
247 499 963
247 406 15
248 249 286
248 430 737
249 251 734
249 551 637
249 446 135
250 252 974
250 599 441
250 540 408
251 252 174
251 368 538
251 281 759
252 253 547
252 439 577
253 254 682
253 255 252
253 424 806
254 570 297
255 256 685
255 257 432
256 257 620
256 365 842
257 320 166
257 353 71
257 495 748
258 260 182
259 284 980
259 395 720
259 550 741
259 587 285
260 261 944
260 262 973
260 411 172
260 614 137
261 262 629
262 263 743
262 264 888
263 265 809
263 519 678
263 387 976
264 265 300
264 456 667
264 289 10
265 560 623
265 282 59
266 583 924
266 598 87
266 635 171
268 269 45
268 270 324
268 526 856
269 619 470
269 590 79
270 271 78
270 329 647
271 272 166
271 511 792
272 273 873
272 629 152
272 417 137
273 376 328
274 565 178
274 283 986
275 533 137
275 641 482
275 340 956
276 278 597
276 448 450
276 289 670
277 512 696
277 574 839
277 298 530
277 541 685
278 280 178
278 588 909
278 626 972
279 481 309
280 310 342
280 571 233
280 526 960
280 398 605
281 358 764
281 326 668
282 370 332
282 442 775
282 605 921
283 456 520
284 286 848
284 357 584
285 358 202
285 375 61
285 432 674
286 288 700
286 505 431
286 599 150
287 390 8
287 460 233
287 470 365
287 389 575
288 290 601
288 321 260
288 535 879
288 330 243
289 521 215
290 437 509
291 401 90
291 486 805
291 391 329
292 327 158
292 423 3
292 461 33
293 295 628
293 339 465
294 295 877
294 296 505
294 531 499
295 297 273
296 297 444
296 533 211
296 618 637
297 520 779
297 636 897
298 299 817
299 301 667
299 370 787
300 412 471
300 340 602
300 567 872
301 361 497
301 509 643
302 346 417
302 599 30
303 305 429
303 306 75
303 586 997
304 305 467
304 306 113
304 629 457
305 307 37
305 656 777
306 308 809
306 395 66
307 308 219
307 642 822
307 535 835
308 380 307
309 554 298
309 459 431
310 407 698
311 312 980
311 313 96
312 313 651
312 314 472
313 315 785
313 373 226
314 315 708
314 316 538
314 616 107
315 316 351
315 491 734
316 318 457
316 475 654
316 649 39
317 318 891
317 319 57
317 396 591
317 476 645
318 320 334
318 403 335
319 321 903
319 434 89
320 597 355
321 360 296
321 425 300
322 324 278
322 443 568
323 324 264
323 543 755
324 325 610
324 369 802
325 327 265
325 547 796
326 327 802
326 500 893
326 638 919
327 444 191
328 423 71
329 373 579
330 331 536
330 573 707
331 579 987
332 544 778
332 441 540
333 334 675
333 631 523
334 336 435
334 590 383
335 337 246
335 653 947
336 338 396
336 349 940
336 354 474
337 339 268
338 339 919
338 340 544
339 340 599
339 341 503
341 342 311
341 343 577
342 576 781
342 497 86
343 344 128
344 346 24
344 365 516
344 579 699
345 347 319
346 347 416
346 502 458
347 348 843
347 520 753
348 365 747
348 559 442
350 351 441
350 352 476
351 352 920
351 353 981
352 354 535
353 645 608
354 632 653
355 356 948
355 542 19
355 430 484
356 357 745
356 358 263
357 409 922
357 651 275
358 614 886
359 361 600
359 407 949
359 436 834
360 362 644
360 589 880
360 595 794
361 569 897
361 557 900
362 572 716
362 376 689
362 607 274
363 364 321
363 365 652
364 563 952
365 367 531
366 368 913
366 652 653
367 368 751
367 369 854
368 379 327
368 478 293
369 370 312
369 371 833
370 371 447
370 452 460
370 630 20
370 563 985
371 373 869
372 374 839
372 405 378
372 620 186
373 635 550
373 648 281
373 604 625
374 638 49
374 555 495
374 405 321
374 494 151
375 376 466
376 377 617
376 449 55
377 378 628
377 379 946
378 379 654
378 382 590
379 383 884
379 604 75
380 655 176
380 392 754
381 382 77
381 580 214
382 383 562
383 384 582
383 385 896
384 621 74
384 524 984
384 640 359
385 516 160
385 442 911
385 509 66
386 491 870
387 641 759
388 389 186
388 390 582
388 492 711
389 391 854
389 537 580
390 392 217
391 392 459
392 624 333
393 395 504
393 576 154
394 396 703
394 614 242
394 460 419
394 511 881
395 611 906
396 557 917
397 398 338
397 490 987
398 399 835
399 437 17
400 401 116
400 402 898
401 501 927
401 570 188
401 519 433
402 647 29
402 415 960
403 476 155
404 406 329
404 580 36
404 556 103
405 631 991
405 583 886
407 409 19
408 593 649
409 568 184
410 483 130
411 413 783
413 415 844
414 527 270
414 613 100
416 417 657
416 627 862
416 466 519
417 419 420
417 459 314
418 419 728
418 640 979
419 420 346
419 528 861
419 591 773
420 653 385
420 437 343
421 594 541
422 423 76
423 624 610
424 485 215
424 645 56
425 646 204
425 448 902
425 625 456
426 428 532
426 467 478
427 428 157
427 429 789
428 429 571
428 430 874
429 430 344
429 431 774
429 437 966
430 431 794
430 652 899
431 432 236
431 657 814
432 636 871
433 435 555
433 629 684
434 435 418
435 437 511
435 549 86
437 569 878
438 439 540
438 651 752
439 606 254
439 560 351
440 441 761
440 658 144
441 443 796
441 598 627
441 655 469
442 444 2
442 612 237
443 477 828
444 445 351
444 465 936
444 486 587
444 473 343
445 446 115
445 447 905
445 520 251
446 447 41
447 448 811
447 549 415
448 459 986
448 653 710
448 545 857
449 477 379
450 451 381
450 647 805
451 453 246
452 615 938
452 527 281
453 454 105
453 642 724
454 455 268
454 456 204
455 456 163
455 608 5
455 646 930
455 615 280
456 457 29
457 607 124
457 521 941
457 507 333
458 459 194
458 462 90
459 586 74
459 589 403
459 591 331
461 463 589
463 465 215
464 581 913
464 550 288
467 581 644
467 553 448
468 470 319
469 659 719
470 472 187
470 647 40
471 492 696
472 602 743
472 543 90
473 474 968
474 476 207
474 507 254
476 477 652
477 479 439
477 562 628
477 654 542
478 479 770
479 480 387
480 481 773
480 482 981
481 559 739
482 484 589
484 486 757
484 516 382
485 487 965
486 488 640
487 488 658
487 489 501
487 617 662
488 655 962
489 572 874
489 603 323
490 492 945
492 493 301
493 494 847
493 514 523
494 534 204
494 658 135
495 587 763
495 588 776
497 498 911
497 499 75
497 525 773
498 567 152
499 596 893
499 503 646
500 501 482
500 603 527
502 586 407
503 504 791
504 505 413
504 521 413
505 506 257
508 536 525
508 613 583
513 514 497
513 515 365
514 516 455
514 591 597
515 516 923
515 517 233
516 527 439
517 519 907
519 520 551
519 633 135
520 529 941
521 552 761
522 524 696
522 648 893
523 524 459
525 526 625
525 593 790
526 528 157
527 528 668
528 530 730
529 530 250
530 531 504
530 532 574
530 641 95
531 532 733
532 612 709
534 542 93
536 537 855
537 628 247
538 579 661
539 540 640
540 582 277
540 650 68
541 618 204
541 577 264
542 544 655
542 653 392
544 545 860
544 653 865
545 652 407
546 547 591
546 548 105
547 583 200
548 549 13
548 550 584
549 551 407
549 611 134
550 551 988
551 552 280
551 553 816
552 554 928
553 657 652
553 568 252
554 556 717
555 658 95
556 558 469
557 578 31
558 559 537
558 560 16
560 561 922
561 562 676
561 571 934
563 565 367
563 589 131
564 593 915
565 567 621
565 638 507
566 567 267
568 570 775
569 570 691
570 571 612
572 573 784
572 574 61
572 590 665
573 596 238
574 576 983
575 576 559
575 577 885
576 578 753
576 623 906
577 578 389
578 579 336
581 583 201
582 583 549
582 636 725
584 605 797
586 638 629
588 590 337
589 590 921
591 592 672
591 620 219
592 593 477
592 594 528
594 596 511
596 598 336
597 599 353
598 653 622
600 601 34
601 616 123
602 603 431
604 606 132
605 606 254
606 607 443
606 608 188
609 650 64
610 612 39
610 645 478
612 615 179
613 615 183
614 615 538
615 616 755
616 617 3
617 627 749
618 619 184
618 620 567
618 624 586
621 622 634
621 623 363
622 624 832
622 657 393
623 625 389
624 626 271
626 628 561
628 630 684
632 634 520
634 635 956
634 636 669
635 636 418
636 637 511
637 638 141
640 641 406
640 642 973
642 643 223
644 645 164
645 646 778
646 647 9
646 648 882
647 648 842
652 653 210
653 655 728
654 655 828
655 656 300