0 599 910
0 598 394
0 75 87
0 144 518
0 480 777
0 94 742
0 482 338
1 2 322
1 3 608
2 483 948
2 55 656
3 349 354
3 433 268
4 25 311
4 422 237
4 135 796
5 542 749
5 339 447
5 327 9
6 7 764
6 210 408
7 9 506
7 22 431
8 9 94
8 34 31
9 223 686
9 426 389
9 225 390
9 367 805
9 368 713
10 11 790
10 18 627
10 114 340
11 12 261
11 13 554
11 217 432
12 14 377
12 424 610
13 369 260
13 553 224
14 16 232
14 330 654
14 234 405
15 541 793
15 165 350
15 404 699
15 252 861
15 260 245
16 18 623
16 342 643
16 54 814
16 137 977
16 111 834
17 468 429
17 37 877
18 20 271
18 544 85
19 20 775
19 566 934
20 506 364
20 335 580
20 308 322
20 317 965
21 22 582
21 128 725
22 23 881
22 61 861
22 421 827
23 88 839
23 210 934
24 26 423
24 516 403
24 477 512
25 27 385
25 403 758
26 27 24
26 237 294
27 302 575
27 595 929
27 301 892
27 485 467
28 127 478
28 384 110
29 31 688
29 517 272
29 428 230
30 443 808
30 293 930
31 33 151
31 561 154
31 558 699
32 420 250
32 344 374
32 266 235
33 355 500
33 178 302
33 201 956
33 223 401
33 535 999
34 36 763
34 271 908
34 143 384
34 278 527
35 36 86
35 505 764
35 559 86
35 529 89
35 540 562
36 461 327
36 298 450
36 205 89
36 357 4
37 38 178
37 319 955
37 543 278
37 510 385
37 425 508
38 449 539
38 415 414
38 385 946
39 40 576
39 150 507
40 41 317
40 555 887
40 541 847
41 42 393
41 451 128
41 598 152
41 587 598
42 44 859
42 248 259
42 411 429
43 45 209
43 225 46
43 471 885
43 572 263
44 260 660
44 261 828
44 564 830
44 514 250
45 493 422
45 119 653
45 374 204
46 47 316
46 550 184
47 337 337
47 194 178
48 50 382
48 216 656
48 123 798
49 479 771
49 262 225
49 314 54
50 51 849
50 408 921
50 261 706
51 52 486
51 289 274
52 518 359
52 428 849
52 233 953
53 54 796
53 266 175
54 163 499
55 57 908
55 430 136
55 245 308
56 268 61
56 345 25
56 451 42
57 59 688
57 254 619
57 439 237
58 565 643
58 377 242
58 210 847
59 173 845
59 104 681
59 509 124
60 229 969
60 188 181
60 113 81
61 63 726
61 406 794
62 381 483
62 278 159
62 244 48
62 382 231
62 565 830
63 64 636
63 65 312
63 115 8
63 335 395
63 385 502
63 490 833
64 311 974
64 141 464
65 66 732
65 556 649
66 67 742
66 312 416
66 324 471
67 69 218
67 416 142
67 75 532
68 265 782
68 396 66
69 344 918
69 258 573
69 554 702
69 76 201
70 205 987
70 367 129
70 455 640
70 362 401
71 442 384
71 297 867
72 73 64
72 387 957
73 74 835
73 179 864
73 590 90
74 75 956
74 76 241
74 455 44
74 175 585
74 559 447
75 76 460
76 77 62
76 78 575
76 203 204
76 223 337
76 598 5
77 545 30
77 440 220
77 430 996
77 288 341
78 79 653
78 490 73
79 81 515
79 206 281
79 592 827
80 82 589
80 197 853
80 332 264
80 439 597
80 138 392
80 537 899
81 273 8
81 300 249
81 528 994
81 581 842
81 328 96
82 83 616
82 84 484
83 556 460
83 293 983
83 483 815
84 157 238
84 311 778
84 369 886
84 459 740
85 331 874
85 247 40
86 101 744
86 236 728
86 159 816
87 565 791
87 116 500
87 106 579
87 190 744
88 89 342
88 90 227
88 373 280
88 318 443
89 90 257
89 91 94
90 443 610
90 448 10
90 201 588
90 128 454
90 169 771
90 333 387
91 93 300
91 250 14
91 450 532
92 93 981
92 94 303
93 94 821
93 95 442
94 530 456
95 96 393
95 363 740
96 98 97
96 537 294
96 473 248
97 107 354
97 171 442
98 100 871
98 338 923
98 364 260
99 101 470
99 534 182
99 197 383
99 453 337
100 101 730
100 102 793
100 182 611
101 102 368
101 508 948
101 558 849
102 267 597
102 305 324
102 348 388
103 104 559
103 241 627
104 524 935
105 106 749
105 414 21
105 334 345
106 392 270
107 440 940
107 476 528
108 110 11
108 131 932
108 398 862
108 150 77
109 372 231
109 543 487
110 111 815
110 450 384
110 190 289
111 112 896
111 509 512
112 113 796
112 558 613
113 115 581
113 527 793
113 376 661
114 115 177
114 353 523
114 548 586
114 276 295
115 119 848
115 327 513
115 512 346
116 194 46
116 287 251
116 507 142
116 513 588
117 118 395
117 562 77
117 148 634
118 411 406
118 365 471
118 494 579
118 586 241
119 121 32
120 121 916
120 122 526
121 123 767
121 248 752
122 287 4
122 393 657
122 178 303
122 241 582
123 163 800
123 282 970
123 435 944
124 246 436
124 305 929
125 126 824
125 252 636
125 450 421
126 127 54
126 128 21
127 128 226
127 141 430
127 164 355
128 129 885
128 499 142
129 131 785
129 160 902
129 173 54
129 545 970
130 132 353
130 519 66
130 498 67
130 323 941
131 365 423
131 588 265
131 417 755
131 141 549
132 133 383
132 274 537
132 484 537
132 267 14
132 495 901
133 546 926
133 464 109
134 136 246
134 569 816
134 170 463
134 354 337
134 431 618
134 479 556
135 486 723
135 161 40
135 237 497
135 591 320
136 138 513
136 581 721
137 166 553
137 509 515
138 139 795
139 140 733
139 283 275
139 511 672
139 448 543
139 292 884
140 141 293
140 335 864
140 257 144
141 184 856
141 154 835
141 474 409
142 330 843
142 432 643
143 145 114
144 301 296
144 160 945
145 186 542
145 208 385
146 462 376
146 424 951
146 529 89
146 572 302
147 590 392
147 421 940
148 149 974
148 440 616
149 150 426
149 439 163
150 346 892
151 289 572
151 262 496
151 539 838
152 242 169
152 359 871
153 203 253
153 553 507
154 155 140
154 377 164
154 451 324
155 592 23
155 266 27
155 184 105
155 526 932
156 158 79
156 235 269
156 244 754
156 390 450
157 510 654
157 208 5
157 296 41
157 410 556
157 294 363
158 380 40
158 440 853
159 160 641
159 161 467
159 363 129
160 161 397
160 352 528
160 393 886
161 163 465
161 452 102
161 207 403
162 163 578
162 164 332
163 246 653
164 200 637
164 336 339
164 179 423
164 444 196
165 362 225
165 438 274
165 546 615
165 460 184
166 168 163
166 250 713
166 315 988
167 168 246
167 577 420
167 512 741
168 337 927
168 275 738
168 498 990
169 170 493
170 172 249
171 172 427
171 458 326
171 495 310
171 184 230
171 533 25
172 174 750
172 523 978
172 183 659
173 174 204
173 540 333
173 552 294
174 175 515
174 176 448
174 337 807
174 546 180
175 472 539
175 522 312
175 261 786
176 177 103
176 531 992
177 179 462
177 207 839
177 255 87
178 180 406
178 282 506
180 181 708
180 515 63
180 532 74
180 411 431
181 494 764
181 261 187
181 343 545
182 456 974
182 581 41
182 502 777
183 184 454
183 233 850
183 253 37
183 480 334
184 412 597
184 270 867
185 186 91
185 279 868
185 417 747
186 188 639
186 501 631
186 468 435
187 455 949
187 437 972
187 548 837
188 190 937
189 190 814
189 552 42
190 191 605
190 454 200
191 192 388
191 193 898
192 316 99
192 295 840
192 373 972
192 583 268
193 195 305
193 335 196
194 195 18
194 549 356
194 548 883
194 409 677
195 196 223
195 197 558
196 219 547
196 221 330
196 406 91
196 596 68
197 235 250
198 200 235
198 590 599
198 376 924
198 584 523
199 200 993
199 228 144
199 503 435
200 201 365
200 255 116
200 389 749
200 359 795
200 561 58
201 203 182
201 294 751
202 203 645
202 445 27
202 431 196
203 205 965
204 206 607
204 344 313
205 329 259
205 276 623
205 567 771
205 420 654
206 208 748
206 229 204
206 407 680
207 575 830
207 320 745
208 310 419
208 366 427
208 353 147
209 210 869
209 211 314
210 212 979
210 589 436
210 348 488
211 483 542
211 392 714
211 526 401
211 272 616
211 383 981
211 571 335
212 537 575
212 439 357
213 316 817
213 249 57
213 370 637
214 215 760
214 216 359
214 461 743
214 479 131
215 418 330
215 382 444
216 218 757
216 230 933
216 317 344
217 218 633
217 417 737
218 219 617
218 542 194
219 220 648
219 593 716
219 448 977
220 222 806
220 412 793
221 405 17
222 422 925
222 581 495
222 293 439
223 225 665
223 534 845
223 569 823
224 225 483
224 226 624
225 226 253
225 238 899
226 227 237
226 228 108
226 341 778
227 228 700
227 229 175
228 229 675
228 472 1
229 230 818
229 231 278
230 231 183
230 232 616
230 271 239
230 277 788
231 232 50
231 233 434
232 250 203
232 408 110
233 402 867
234 243 211
235 423 904
235 529 852
235 570 712
236 238 214
236 402 3
237 345 867
238 480 814
239 240 670
239 241 646
239 441 828
239 403 435
239 510 975
240 241 683
240 410 544
241 242 743
242 243 768
242 254 799
242 369 535
242 268 682
243 245 805
243 483 505
243 594 93
244 527 374
245 247 232
246 247 880
246 597 408
246 354 610
246 279 432
246 468 227
247 517 616
247 442 605
248 250 928
248 259 324
248 314 301
249 251 343
249 349 690
249 481 113
250 560 418
251 252 739
251 253 543
251 519 800
252 350 508
253 276 712
254 256 951
254 322 894
255 543 710
256 257 175
256 427 862
257 403 712
257 522 996
258 260 721
258 274 779
259 260 363
259 374 7
260 261 602
260 474 332
260 574 1
262 264 656
263 328 786
263 314 901
264 266 832
264 557 765
264 433 737
265 266 140
265 370 546
265 485 832
266 496 909
267 305 996
267 531 336
268 269 977
269 271 475
269 568 28
269 385 313
269 475 162
270 271 273
270 330 906
271 273 949
272 273 66
272 469 420
273 274 514
273 275 657
274 548 843
275 277 3
275 490 715
275 597 527
276 571 177
276 355 247
277 278 767
277 348 170
277 576 880
278 520 388
280 281 656
280 473 654
280 291 877
281 283 585
281 516 760
282 283 480
283 361 991
284 285 985
284 286 586
285 286 379
285 543 238
286 288 76
286 593 118
287 289 801
288 289 184
289 290 776
289 291 323
289 560 990
290 292 272
290 475 310
291 520 111
292 534 330
292 422 465
293 415 683
294 295 150
294 416 641
295 429 910
295 554 187
296 575 99
296 503 820
297 299 791
297 390 909
298 300 127
299 300 416
299 526 643
299 506 412
300 354 625
300 399 944
300 312 719
301 302 827
301 303 590
301 356 767
302 532 349
302 351 259
302 572 412
302 473 336
303 304 35
303 361 642
304 305 938
304 306 648
304 449 620
305 332 698
305 567 542
306 307 307
306 308 217
307 308 941
307 309 162
307 546 132
308 309 749
309 598 951
309 358 150
310 312 483
310 427 241
311 348 347
311 369 36
313 314 317
313 315 740
315 384 614
315 458 744
316 317 544
316 495 226
317 588 94
318 334 697
319 534 423
319 525 367
320 322 257
321 322 175
321 323 105
321 346 317
322 596 679
322 349 851
323 329 356
324 491 653
324 580 76
325 326 920
325 327 611
326 327 148
326 401 758
326 491 124
327 328 835
327 464 816
328 329 956
328 432 862
329 331 746
329 452 398
329 459 450
330 420 164
331 364 592
331 354 128
331 551 383
332 334 738
333 439 709
334 335 488
334 435 782
335 526 342
335 358 711
336 337 620
336 350 900
336 573 96
337 363 190
338 339 964
338 340 181
338 466 28
338 457 358
339 341 566
340 342 28
340 589 789
340 463 134
341 343 634
342 343 963
342 344 797
343 344 700
344 345 461
344 400 224
345 576 218
346 348 799
346 391 744
347 348 766
347 360 55
349 351 394
349 403 306
349 589 118
350 351 537
350 420 463
351 353 856
352 354 98
355 386 473
355 368 103
355 366 827
356 357 542
356 405 380
357 493 112
357 553 74
358 360 678
358 508 708
359 361 585
359 567 698
359 562 811
360 361 364
360 362 102
360 431 971
361 362 844
361 363 375
361 442 576
361 462 478
363 365 18
363 443 382
364 365 622
365 366 570
365 367 788
366 367 232
366 594 738
367 418 125
369 370 893
370 413 110
370 542 132
371 372 547
371 535 111
371 378 688
372 373 226
372 548 553
373 405 221
374 376 61
374 434 310
375 377 990
375 476 381
375 492 797
378 560 336
378 418 478
379 380 974
379 381 973
380 382 821
380 491 475
381 382 347
381 383 355
382 401 962
383 384 937
384 385 798
384 386 531
386 387 764
386 388 533
387 388 13
387 389 182
388 389 113
388 390 724
389 391 579
390 391 953
391 471 563
392 567 251
392 505 288
394 395 23
394 444 641
395 396 594
395 397 524
396 397 564
396 429 166
396 416 469
396 524 125
397 398 546
397 399 846
397 535 354
397 585 730
398 400 481
398 526 145
399 400 712
399 401 886
400 402 749
400 553 456
401 557 98
401 531 661
402 539 634
404 406 928
404 537 347
406 512 285
407 409 292
408 511 634
408 484 256
409 410 880
409 420 310
409 480 458
410 412 47
411 514 336
412 414 954
413 583 645
413 513 272
414 416 452
414 518 291
415 578 93
415 438 468
415 516 821
415 563 761
416 434 180
417 419 153
418 563 1
419 420 81
419 421 671
420 422 566
421 422 204
421 423 880
422 561 793
423 523 715
423 553 612
424 426 954
424 467 558
424 530 384
425 426 165
426 566 135
426 470 156
427 428 719
427 555 126
428 472 956
429 431 870
430 431 49
430 432 722
432 433 446
432 434 688
432 488 156
433 471 177
434 435 44
434 436 312
434 576 890
435 436 730
436 437 712
436 438 337
436 564 956
437 439 137
438 550 890
441 443 942
442 444 581
443 445 284
443 530 281
444 535 518
445 485 281
446 447 279
446 448 79
446 555 657
447 448 917
447 449 145
449 451 475
452 588 969
453 454 881
454 455 185
455 457 218
456 458 13
456 519 323
457 458 355
457 464 700
458 521 165
460 461 373
460 487 893
461 463 47
461 509 358
461 556 484
462 514 382
463 465 566
465 466 986
465 469 558
465 583 380
465 528 772
465 582 749
466 503 815
467 469 829
468 534 411
469 511 562
470 550 362
470 552 591
471 473 618
472 473 648
472 491 480
475 554 770
476 478 259
476 549 410
477 478 370
478 479 729
478 480 504
481 482 428
482 508 62
483 484 883
485 486 332
485 589 636
486 487 774
486 488 123
487 488 853
487 551 790
488 490 265
488 536 494
489 490 835
489 491 738
490 491 274
491 492 675
491 507 142
492 494 342
493 495 110
493 583 746
494 495 95
494 570 644
495 496 327
496 497 804
497 498 802
497 499 290
498 593 467
499 501 312
500 501 762
500 502 765
501 560 690
501 542 834
502 529 285
503 504 78
504 505 523
504 506 460
506 563 677
506 532 992
507 509 723
507 580 496
509 579 288
510 578 9
512 547 298
512 561 979
513 514 258
514 515 788
515 517 898
516 517 360
517 518 162
517 519 741
518 519 672
518 593 52
520 522 502
520 530 277
521 522 925
522 599 138
523 524 32
523 525 21
524 525 407
525 526 530
525 538 780
527 529 318
528 530 505
529 531 415
531 532 602
531 533 271
532 588 879
532 596 935
533 534 143
534 554 929
536 538 148
536 566 365
538 540 217
539 551 77
541 542 398
542 544 581
544 559 323
545 546 114
546 566 326
547 549 83
548 550 979
549 551 409
550 551 45
550 552 961
552 554 280
553 554 21
556 557 28
557 559 360
558 560 835
560 562 377
562 564 922
565 566 111
568 569 587
568 570 522
569 571 367
572 573 102
572 580 580
573 574 114
574 576 332
575 577 87
577 579 246
578 580 652
579 580 242
581 583 18
582 583 553
584 585 587
585 587 546
586 587 827
587 588 178
590 591 158
590 592 346
591 592 299
592 594 93
595 597 533
596 598 826