0 1 250
0 2 820
0 96 683
1 2 207
1 99 539
1 48 875
1 34 70
1 16 325
1 66 529
2 86 336
2 81 380
2 58 448
3 4 656
3 57 3
3 87 846
4 5 931
4 60 649
4 84 360
4 47 35
5 6 480
5 7 76
6 9 35
6 24 52
6 64 226
6 99 906
6 49 954
6 91 21
7 26 420
7 8 519
7 25 392
7 24 29
7 42 880
7 86 967
8 89 966
9 11 245
9 99 80
9 14 833
9 22 540
10 68 50
10 40 619
10 56 722
10 67 436
10 83 562
11 13 77
11 78 834
12 13 78
12 43 540
12 59 988
12 23 17
13 15 3
13 42 237
13 57 42
14 84 278
14 52 707
14 17 42
14 98 426
15 18 761
15 54 179
16 17 645
16 72 978
16 44 434
17 18 225
17 27 738
18 19 59
18 20 902
18 53 487
18 68 688
19 20 927
19 95 163
20 58 8
20 79 213
21 50 55
21 39 492
21 62 453
21 81 507
22 24 611
22 50 88
22 79 23
23 64 456
23 97 157
24 47 393
24 86 544
25 26 760
25 27 529
25 84 451
26 27 344
26 28 946
27 87 781
27 38 377
28 30 227
28 92 470
29 90 890
29 39 876
30 31 253
30 45 572
31 32 236
31 46 77
31 54 949
32 33 240
32 97 449
32 53 342
32 71 542
32 94 402
33 73 538
33 40 141
33 64 285
33 63 153
34 35 745
34 68 452
34 96 169
35 37 353
35 70 420
36 41 774
36 93 505
36 49 67
37 38 728
37 61 480
37 55 609
38 73 102
38 82 562
39 77 785
40 57 940
41 42 298
41 43 840
41 64 838
42 43 463
43 65 142
43 81 793
43 83 432
44 58 971
44 92 983
45 46 477
45 70 733
46 47 707
46 67 741
46 93 169
47 85 374
48 82 507
48 73 274
49 58 368
49 76 105
49 92 262
50 94 259
50 79 795
51 53 758
51 54 392
52 53 589
52 54 804
53 55 995
53 90 951
54 55 638
54 83 541
55 61 994
56 57 588
56 95 707
57 58 190
58 59 277
58 90 127
59 88 923
60 62 107
61 62 618
61 63 932
62 87 898
62 96 990
63 64 203
63 80 916
65 67 676
66 93 192
66 80 602
66 76 713
67 68 733
67 97 178
69 71 448
69 81 166
70 85 882
70 96 253
71 72 121
72 86 746
73 97 553
74 75 480
74 76 166
75 76 214
75 77 56
75 95 264
77 79 944
77 88 585
78 80 947
78 97 317
81 83 979
82 92 1
85 87 471
87 88 782
88 89 508
88 97 247
89 90 351
89 91 62
91 92 388
93 94 692
94 95 532
98 99 406