0 2 183
0 307 169
0 225 464
1 399 688
1 309 155
1 84 656
2 3 574
2 4 769
3 5 791
3 28 61
4 5 630
4 6 586
4 42 841
4 195 509
5 6 847
5 394 95
5 22 943
5 275 91
5 359 577
6 7 113
6 8 121
6 349 786
6 264 291
6 338 83
7 331 117
7 263 171
8 397 404
8 28 764
9 383 596
9 340 7
10 390 533
10 389 643
10 102 213
10 196 893
11 12 847
11 41 542
12 76 869
12 365 306
13 257 601
13 27 874
13 263 246
13 377 374
14 95 799
14 393 152
14 349 963
15 207 586
15 148 791
15 239 526
15 82 70
15 44 862
16 272 166
16 110 299
16 73 171
17 19 409
17 168 259
17 370 501
18 210 498
18 122 644
19 21 352
19 312 240
19 286 196
20 21 404
20 144 869
21 359 597
21 391 193
22 23 875
22 24 894
22 329 523
23 70 671
23 395 979
24 25 176
24 26 289
24 214 815
24 317 292
24 387 119
25 27 762
25 166 965
25 220 979
26 28 638
26 172 786
26 39 435
27 28 134
27 372 393
28 331 53
28 34 255
28 237 947
29 31 633
29 386 648
29 176 727
29 138 240
30 32 192
30 75 419
30 303 499
31 32 127
31 202 458
31 218 223
32 34 7
32 141 246
33 34 916
33 35 705
33 265 60
34 36 960
35 37 227
35 214 287
35 307 17
36 359 34
36 393 879
36 391 753
37 178 21
37 113 587
38 40 792
38 213 554
39 40 576
40 41 666
40 284 19
40 249 391
41 43 38
41 129 437
42 43 284
42 55 712
42 59 742
43 44 705
43 96 46
43 225 718
43 224 755
44 396 613
44 245 773
45 47 25
45 129 657
46 364 961
46 140 596
46 139 516
47 167 143
47 398 175
48 50 330
48 81 974
49 199 112
49 132 382
49 305 76
50 52 234
50 331 530
50 315 251
51 243 121
51 177 175
51 122 67
51 241 146
52 182 5
52 263 163
53 323 535
53 388 111
54 55 247
54 366 964
55 301 20
56 58 27
56 397 425
57 143 636
57 164 70
57 358 866
58 60 653
58 347 29
58 168 369
58 227 557
58 229 708
59 297 484
60 61 718
60 62 626
60 154 153
61 190 203
61 105 84
61 273 872
61 189 652
62 161 302
62 213 701
62 232 303
62 233 362
63 65 80
63 163 187
64 65 120
64 66 951
65 238 949
65 344 299
66 160 112
66 224 521
66 341 162
67 299 434
67 278 272
68 200 984
68 240 562
68 139 911
68 98 824
69 79 794
69 355 283
69 94 717
69 256 30
70 331 841
70 95 118
70 103 322
70 373 955
71 383 84
71 78 502
72 73 794
72 291 993
72 378 262
73 75 744
73 303 882
73 386 99
74 76 843
74 147 837
74 328 777
74 381 310
75 326 833
75 230 247
75 395 155
75 214 320
76 77 374
76 78 957
76 380 336
77 79 559
77 121 170
77 318 894
78 385 604
78 87 511
79 81 261
79 99 434
79 357 106
79 158 956
80 82 521
80 360 650
80 100 632
81 111 699
81 365 23
81 163 240
82 322 74
82 238 443
83 84 564
83 137 114
84 86 820
84 375 27
84 296 709
84 350 951
85 87 48
85 199 831
85 99 431
85 363 864
86 87 406
86 88 11
86 186 633
86 362 46
86 350 916
87 398 297
87 256 762
87 285 557
87 143 947
88 121 337
88 391 671
88 107 475
89 91 266
89 335 169
89 331 684
90 91 684
90 197 950
91 363 296
91 236 951
92 93 143
92 390 73
92 398 857
93 95 194
93 115 529
93 356 934
94 146 768
94 114 627
95 160 553
95 206 62
95 207 66
96 313 847
96 296 958
96 310 660
97 98 52
97 99 486
97 335 444
98 339 580
99 377 648
99 251 807
99 269 374
100 170 503
101 102 910
101 103 309
101 250 906
102 103 670
102 104 238
103 107 15
104 105 484
104 106 485
104 319 87
104 171 411
105 172 256
105 258 458
105 252 58
105 149 743
106 171 97
106 107 420
106 126 947
106 319 413
106 345 831
107 109 77
108 109 737
108 110 170
108 302 201
109 222 249
109 185 707
109 350 78
110 112 769
110 161 151
111 112 613
111 213 804
112 332 309
112 220 662
112 345 483
112 135 801
113 118 502
113 353 721
114 252 533
114 251 483
114 311 9
114 378 894
115 116 272
115 197 178
116 194 974
116 333 482
116 292 777
116 200 821
116 221 192
116 385 104
117 118 301
117 143 359
117 399 657
117 372 155
118 119 15
118 120 145
119 132 258
119 281 221
119 313 830
119 271 901
120 275 328
120 381 499
121 122 890
121 123 334
121 317 140
122 124 141
122 220 57
122 355 76
123 125 305
123 157 989
124 333 470
124 180 887
124 261 31
125 126 582
125 127 687
125 326 592
126 248 293
127 164 177
127 146 493
128 130 387
128 338 687
128 367 953
129 130 459
129 343 935
129 386 950
130 260 464
130 235 452
130 153 997
131 397 552
131 189 859
132 134 681
132 190 34
133 135 928
133 272 645
133 373 421
134 136 167
134 307 117
135 136 961
135 137 755
135 367 235
136 137 424
136 267 442
136 323 754
137 301 908
137 363 323
138 139 14
138 153 638
138 189 454
138 291 365
139 140 149
140 141 978
140 142 431
140 315 409
140 352 5
141 142 532
141 232 251
141 276 117
142 281 807
142 193 839
143 210 3
144 145 969
144 146 711
144 343 628
144 209 64
145 146 393
145 187 577
145 161 380
146 223 524
146 152 327
147 340 905
147 219 544
147 306 631
147 271 402
148 150 140
149 307 345
150 314 614
150 205 887
150 180 586
150 197 433
150 219 939
151 152 811
151 153 376
152 153 474
152 154 521
152 222 170
153 191 172
154 253 466
154 214 864
154 325 345
155 157 345
155 249 317
155 298 350
156 157 137
156 241 445
156 180 651
156 353 746
157 158 360
157 159 516
157 243 984
158 159 797
158 288 834
159 160 345
159 271 714
160 236 996
162 317 535
162 282 807
163 166 268
164 166 572
164 211 280
164 253 318
164 183 31
164 281 654
165 166 121
165 167 172
166 168 109
166 241 911
166 223 208
166 382 675
166 302 347
167 199 171
167 358 619
167 283 614
168 259 852
169 170 784
169 171 341
170 172 607
170 362 676
171 283 633
171 209 744
171 261 869
172 249 57
173 174 360
173 346 63
173 208 646
174 316 348
174 185 474
174 388 86
175 176 725
175 347 86
176 178 404
176 374 190
176 389 630
177 382 7
177 217 293
178 180 900
178 319 942
179 180 1
179 208 557
179 213 625
179 387 992
180 182 462
180 384 923
181 182 199
181 260 123
182 184 13
182 378 779
183 339 275
184 186 690
184 191 869
184 201 456
184 378 316
185 314 258
185 395 789
186 188 659
186 237 670
187 188 604
187 385 59
188 190 341
188 280 88
189 191 966
190 287 244
191 192 526
191 197 332
191 332 888
192 194 149
192 369 458
193 194 966
193 195 972
194 196 743
194 349 442
195 355 974
195 321 535
196 197 694
198 199 44
198 200 540
199 200 322
199 201 396
199 381 43
200 284 625
200 347 934
201 203 946
202 203 844
202 204 83
202 387 22
203 205 146
203 261 336
203 242 166
204 206 194
204 223 486
204 257 808
204 383 393
205 301 685
206 207 673
206 323 353
207 219 509
209 327 110
210 211 112
211 212 150
211 215 722
211 266 203
212 213 291
212 359 839
213 394 3
215 217 331
216 291 777
216 311 799
216 332 196
217 351 118
217 358 779
218 230 381
221 222 974
222 263 33
223 225 119
224 225 846
224 226 730
224 307 996
225 316 556
226 228 213
226 298 767
227 228 60
228 355 917
228 252 835
228 369 24
228 297 794
229 358 978
230 232 890
231 232 732
231 233 538
231 286 124
231 274 306
232 347 283
232 356 998
232 379 940
233 234 483
234 266 326
234 279 623
235 236 717
235 237 45
235 264 194
235 313 937
236 237 107
236 313 461
236 320 719
237 238 270
238 239 100
238 240 672
239 241 801
239 324 502
240 242 950
240 305 253
241 299 435
241 336 884
242 287 910
243 244 74
243 301 350
243 357 443
244 246 190
244 285 446
244 280 490
245 275 459
245 300 309
246 247 367
246 248 883
247 248 581
247 249 193
248 250 235
248 275 771
248 289 279
248 329 864
249 250 111
249 251 482
250 251 579
250 304 520
251 294 232
252 254 141
252 292 516
253 268 932
254 255 507
254 256 905
255 256 364
255 257 14
256 346 881
257 339 146
258 270 410
259 386 584
259 396 670
259 323 279
260 262 999
260 288 440
262 264 36
262 395 528
263 264 897
263 298 930
263 365 403
264 377 921
264 312 624
265 266 452
266 267 512
266 387 853
267 269 268
267 316 109
267 339 47
268 326 73
268 379 956
269 270 700
270 272 205
270 335 913
270 292 456
271 336 39
272 274 401
272 281 95
273 355 440
274 371 1
274 288 619
275 276 836
276 330 792
276 341 188
277 279 311
277 309 897
278 279 516
278 336 252
279 280 533
279 281 136
280 282 157
282 283 240
282 284 669
283 284 77
284 286 117
285 355 907
285 394 385
285 335 685
286 352 70
286 394 105
287 288 987
287 289 940
289 305 993
289 368 548
290 291 317
290 369 355
291 332 958
293 294 406
293 295 12
294 383 235
294 314 946
295 296 396
295 373 366
295 354 414
295 309 859
296 298 45
297 392 481
297 396 594
298 304 601
299 300 955
299 368 321
300 371 833
301 303 815
302 390 756
303 305 636
306 308 946
308 309 869
308 387 532
309 310 556
309 353 58
310 384 482
311 385 24
312 313 289
312 322 404
313 363 208
316 318 900
318 365 844
318 342 15
319 321 382
320 399 658
321 323 898
322 323 71
322 376 57
323 324 201
323 336 508
324 325 788
325 326 500
326 328 246
327 345 81
328 399 52
329 351 524
330 331 831
330 332 882
331 332 513
331 349 31
333 335 369
334 335 596
334 336 457
336 375 218
337 339 18
337 366 683
338 339 559
339 367 857
340 341 163
340 342 288
341 342 800
342 343 349
343 345 437
343 372 995
343 366 82
344 345 848
344 346 600
346 348 705
348 349 315
348 360 510
351 352 696
354 355 874
354 395 473
355 356 849
359 360 130
360 361 806
360 362 711
361 362 198
361 363 659
362 364 615
364 365 439
364 366 158
365 366 756
366 367 903
368 370 504
369 371 733
370 371 886
371 372 854
371 373 988
372 374 743
374 376 341
374 397 50
375 377 46
376 377 79
379 381 549
380 381 549
382 384 542
383 384 41
384 385 888
384 386 299
388 389 94
390 392 306
392 393 882
392 394 335
393 399 101
395 397 331
396 399 906
397 398 615
398 399 639