0 2 352
0 869 648
0 774 545
1 225 5
1 479 700
2 754 171
2 418 5
3 4 85
3 363 270
3 109 854
3 720 63
3 758 62
4 6 966
4 564 921
4 671 729
5 6 936
5 861 93
6 685 38
6 862 12
7 746 75
7 209 577
7 605 103
7 136 420
7 774 321
8 609 645
8 766 697
8 307 144
9 13 430
9 69 679
9 100 138
9 132 333
9 645 926
10 926 687
10 274 330
10 718 854
10 308 315
11 12 868
11 806 140
11 387 384
12 568 411
12 76 630
13 15 449
13 648 692
13 191 973
13 208 88
13 565 464
14 332 652
14 764 988
14 766 136
14 941 744
14 522 885
15 606 710
15 554 639
16 268 766
16 568 466
16 227 858
16 732 690
17 18 450
17 650 230
17 896 728
17 599 72
18 19 408
18 674 425
18 813 69
19 53 387
19 258 221
19 98 115
19 888 311
20 21 85
20 666 192
20 145 315
21 22 282
21 907 404
22 24 155
22 914 284
22 638 697
22 268 168
23 599 2
23 466 494
23 623 978
24 25 734
24 26 625
24 381 562
25 436 96
25 779 626
25 473 72
25 482 993
26 28 31
26 119 150
27 28 165
27 29 336
28 30 717
28 693 199
29 30 925
29 292 874
29 867 492
29 257 643
30 31 896
30 758 90
30 695 69
31 32 535
31 584 742
31 139 920
31 761 164
32 481 851
32 944 894
32 447 836
32 769 329
33 34 954
33 627 621
34 846 517
34 589 186
35 36 661
35 859 110
35 453 109
36 37 925
36 38 459
36 776 584
36 817 426
37 39 739
37 571 98
37 212 689
37 358 879
37 841 997
37 523 446
38 40 760
38 221 823
38 169 767
39 40 266
39 575 42
39 249 471
39 719 459
40 41 22
40 869 367
40 204 610
40 811 506
41 42 477
41 43 356
41 667 621
41 295 706
42 574 24
42 670 906
42 782 377
43 441 237
43 717 543
44 46 997
44 167 368
44 797 927
45 832 535
45 146 725
45 522 841
45 136 382
46 47 893
46 886 48
46 552 555
47 48 643
47 528 254
47 270 596
48 399 535
48 138 655
48 557 19
49 50 598
49 107 332
49 65 161
50 51 657
50 52 426
50 81 950
51 52 863
51 697 97
51 672 541
52 54 691
52 660 336
53 533 642
53 929 347
54 95 319
54 730 156
54 946 87
55 766 943
55 837 334
56 185 670
56 162 759
56 725 393
57 195 970
57 357 823
57 861 642
58 59 845
58 60 474
58 605 962
59 130 993
59 132 321
59 447 558
59 708 749
60 511 721
60 487 878
60 334 141
61 63 889
61 945 472
62 341 980
62 541 212
63 278 614
63 558 215
63 419 151
64 65 167
64 761 470
65 75 490
65 221 962
65 246 296
65 787 37
66 745 238
66 888 288
66 910 586
66 446 26
66 549 970
67 68 888
67 874 23
68 320 686
68 79 17
69 71 713
69 91 715
69 179 273
69 542 886
69 768 767
70 259 128
70 145 879
70 417 8
71 186 965
71 207 31
71 138 946
72 74 535
72 100 961
72 378 664
73 397 197
73 546 270
73 644 851
73 253 934
73 520 476
73 760 219
73 907 671
74 75 856
74 771 638
75 77 546
75 210 21
76 928 730
76 125 142
76 340 914
76 391 198
77 722 617
77 554 78
77 544 490
78 79 589
78 492 952
78 686 764
78 877 787
79 80 432
79 81 55
79 326 325
80 278 794
80 780 999
80 669 160
81 82 442
82 83 545
82 210 79
82 556 72
83 366 902
83 194 126
83 745 616
83 617 950
84 86 342
84 608 339
84 666 69
84 785 251
85 143 854
85 886 669
85 789 148
86 285 341
86 726 380
86 447 510
87 470 876
87 188 489
87 383 427
88 90 40
88 677 494
88 486 304
89 91 601
89 284 86
89 615 14
89 233 876
89 253 367
90 258 920
90 385 870
90 887 4
90 294 350
90 802 851
91 196 287
92 94 823
92 900 385
92 469 946
93 95 488
93 662 892
93 508 601
94 828 423
94 201 449
94 247 464
94 430 319
94 385 475
94 674 582
95 96 617
95 432 510
95 682 780
95 823 794
96 97 432
96 98 417
96 368 907
96 403 15
96 818 543
97 858 791
97 482 432
97 726 242
98 99 594
98 287 717
98 175 373
99 101 409
99 845 681
99 687 724
100 101 306
100 102 261
100 804 265
101 102 231
101 600 979
102 122 828
102 553 410
102 664 281
102 851 372
102 324 122
103 104 858
103 105 305
103 883 475
104 106 157
104 599 914
104 491 836
104 585 97
104 357 155
104 586 57
105 106 94
105 225 572
106 107 880
106 108 21
107 108 631
107 256 863
107 634 329
108 853 87
108 860 223
109 111 135
109 594 708
110 112 93
110 949 790
110 668 839
110 532 620
111 113 227
111 319 564
111 243 526
111 496 595
111 527 742
112 344 280
112 821 89
112 676 222
113 938 96
113 817 177
113 427 801
114 130 445
114 643 235
115 301 162
115 474 527
116 795 794
116 635 867
116 427 130
117 119 522
117 410 96
118 631 849
118 842 104
118 616 132
119 806 307
119 472 924
119 162 330
120 121 81
120 789 374
120 744 455
120 922 172
121 122 988
121 582 976
122 123 735
122 894 732
122 882 691
123 125 132
123 913 279
123 223 199
124 464 318
124 262 327
124 688 223
125 127 888
125 377 293
125 273 479
125 881 828
126 127 276
126 735 276
126 767 84
127 623 616
127 154 126
127 256 977
128 129 149
128 130 803
128 739 880
129 130 450
129 354 607
130 488 314
130 721 148
130 509 728
131 132 272
131 240 326
131 351 175
132 333 608
132 497 676
133 134 113
133 321 264
134 136 828
134 921 608
134 958 984
135 359 95
135 914 802
136 138 391
136 832 652
136 157 298
136 771 633
137 138 634
137 457 99
137 400 916
137 140 113
138 168 613
138 653 578
139 140 267
139 738 983
139 788 289
139 150 167
140 141 767
140 453 745
140 555 886
141 143 799
141 384 509
141 896 975
142 143 214
142 218 55
142 725 732
143 144 146
143 145 915
144 508 16
144 337 275
144 521 724
145 322 492
145 395 440
145 451 730
146 148 321
146 808 295
147 148 229
147 149 129
148 351 109
148 738 443
149 517 449
149 577 327
149 873 789
150 872 652
150 514 599
150 218 247
150 591 871
151 152 953
151 656 103
151 164 26
152 154 770
152 847 67
153 155 766
153 891 485
154 156 539
155 156 369
155 157 538
156 157 953
156 176 182
157 618 495
158 159 220
158 731 97
158 580 918
159 161 82
159 324 407
159 692 315
160 162 609
160 785 396
161 163 908
161 489 337
162 725 261
162 333 337
163 164 54
163 464 190
163 866 253
163 246 32
163 887 695
164 927 172
165 750 475
165 322 163
165 954 910
165 910 910
166 168 692
166 856 332
166 525 503
167 168 813
167 661 781
167 216 536
167 835 420
168 170 643
168 546 903
168 759 756
169 627 468
170 171 300
170 402 601
170 234 716
171 172 244
171 173 498
171 714 30
172 174 86
172 176 183
172 316 756
173 174 610
173 175 126
173 235 662
173 488 727
174 189 630
174 524 590
174 549 520
175 176 243
175 854 508
175 626 365
176 177 441
176 918 680
176 327 37
176 200 107
177 178 425
177 593 870
177 733 960
177 429 514
178 698 700
178 904 398
178 301 377
179 181 277
180 182 643
180 407 624
181 182 491
181 183 367
181 686 91
181 300 621
181 749 982
182 909 364
182 561 944
182 707 99
183 184 422
183 460 932
183 489 271
183 351 733
184 185 525
184 785 262
184 507 5
185 186 940
185 711 356
186 898 486
186 320 321
187 189 771
187 507 451
187 679 485
187 874 151
188 189 516
188 948 314
188 672 326
189 191 862
189 784 389
190 191 388
190 934 574
190 535 487
191 708 58
191 782 294
191 704 318
192 193 427
192 194 712
193 486 856
193 321 919
194 196 409
195 197 943
195 636 950
195 305 802
196 198 676
196 473 464
197 199 786
197 526 251
197 477 640
197 621 623
197 900 877
198 684 119
198 386 673
198 360 379
199 478 999
199 927 742
200 471 784
200 253 836
201 203 716
201 281 882
202 537 666
202 760 729
202 728 229
203 795 870
203 476 388
203 578 244
203 224 569
203 803 477
204 206 170
204 931 549
204 674 642
204 216 827
204 332 986
205 206 517
205 335 519
205 318 331
206 208 629
206 627 730
207 223 805
207 809 110
207 477 830
208 209 979
208 898 452
209 211 976
209 466 284
210 669 99
211 529 209
211 853 568
211 840 23
212 214 58
213 411 378
213 917 703
214 215 656
214 216 413
214 675 309
214 692 863
215 216 548
215 217 38
215 385 839
215 750 408
216 932 43
217 218 831
217 443 307
217 683 195
218 573 116
219 220 497
219 221 904
219 378 67
220 723 262
220 850 620
221 624 545
221 791 341
222 604 397
222 406 694
222 562 645
222 248 810
223 770 118
223 767 387
224 471 441
225 682 306
225 336 133
225 594 491
226 228 698
226 767 35
226 498 883
226 573 207
227 228 222
228 229 825
228 665 485
228 427 880
229 230 966
229 750 618
229 290 507
230 231 132
230 232 512
230 772 441
231 233 959
231 673 621
232 763 229
232 527 659
233 234 643
233 286 878
233 304 14
234 559 324
234 736 551
234 858 731
235 562 454
235 559 667
235 274 305
236 855 169
236 382 234
237 739 351
237 315 895
238 239 922
238 240 651
238 803 275
239 240 844
239 447 197
239 366 783
239 343 214
240 241 404
240 242 153
241 257 481
241 300 571
241 348 716
241 894 619
242 626 994
242 875 588
243 822 221
243 882 758
243 876 255
244 246 910
244 697 422
245 247 882
245 353 153
245 746 148
245 541 783
246 705 437
246 398 875
246 294 925
247 443 723
247 609 624
247 726 905
248 249 228
248 872 601
248 583 12
249 250 568
249 954 262
250 251 265
250 252 446
250 354 640
250 520 893
251 252 430
251 916 770
252 254 294
252 323 773
252 957 986
252 566 378
254 255 406
254 323 288
254 561 646
255 256 145
255 257 233
255 689 765
255 704 496
255 717 29
256 265 354
257 258 924
258 816 612
258 919 44
259 559 168
259 936 241
260 673 728
260 959 472
261 262 297
261 658 441
261 927 453
262 263 520
262 278 517
262 701 708
262 572 233
263 324 856
263 602 244
263 893 616
264 265 125
264 643 517
265 318 64
265 295 8
265 779 781
265 540 835
265 766 884
266 268 637
266 920 460
266 490 583
266 849 27
267 269 162
267 282 279
268 269 697
268 324 930
269 270 566
269 332 105
269 436 613
269 794 9
269 648 832
270 272 999
270 659 576
271 272 384
271 397 804
272 667 66
272 484 125
272 713 475
272 879 353
273 768 448
273 909 85
274 633 603
274 902 409
275 472 979
275 940 966
276 277 595
276 278 195
277 278 916
277 412 73
278 280 580
279 946 36
279 503 591
279 930 106
280 281 409
280 317 173
280 380 280
281 709 634
281 312 2
281 412 275
282 843 300
282 584 2
283 729 977
283 844 384
283 461 834
284 731 237
284 662 262
284 847 781
285 286 293
285 287 334
285 818 864
285 896 469
286 724 480
286 619 150
287 289 530
287 952 655
288 290 618
288 438 27
289 291 389
289 840 155
289 859 260
290 292 893
290 913 199
291 533 489
291 601 34
291 646 536
291 853 265
291 773 95
292 294 340
292 493 565
292 497 59
292 920 300
293 294 240
293 295 878
294 295 436
294 857 382
294 650 17
294 836 606
295 632 60
295 805 812
295 885 173
296 413 570
296 488 922
296 768 923
296 352 16
297 298 448
297 940 919
297 313 138
297 577 318
298 811 399
298 389 157
298 576 900
299 300 327
299 301 430
299 408 804
300 383 90
300 651 133
300 435 287
301 302 68
301 702 158
302 303 435
302 508 882
303 540 119
303 802 338
303 699 483
303 454 281
304 512 410
305 685 357
306 308 582
306 366 848
306 325 265
306 934 244
307 308 386
308 671 8
308 876 367
309 310 116
309 311 261
309 604 827
310 311 432
310 312 245
310 428 809
311 312 522
311 313 630
312 313 734
312 736 662
313 314 485
313 315 670
313 905 551
314 315 584
314 441 396
314 612 547
315 316 351
315 317 370
315 376 213
315 598 338
316 592 350
316 705 820
317 400 214
317 328 182
317 738 885
318 909 231
319 320 691
319 321 830
320 626 524
320 959 722
320 612 487
321 323 250
321 779 655
322 324 724
322 956 438
323 325 59
323 919 51
324 326 439
324 368 972
325 326 458
325 955 464
325 434 890
325 842 291
326 327 136
327 329 198
327 891 673
327 386 571
328 329 921
328 613 400
328 634 438
329 331 262
329 646 403
330 332 307
330 553 149
331 838 250
331 538 705
331 664 613
331 673 84
333 335 35
334 335 174
334 867 794
334 558 132
335 337 421
335 556 220
335 936 433
335 422 938
336 619 459
337 338 485
337 709 169
338 340 278
338 406 108
338 459 703
339 793 101
339 453 229
340 341 54
340 342 983
340 550 446
340 945 342
341 342 400
341 872 375
341 629 834
341 539 512
342 343 196
342 654 679
343 344 14
344 345 783
344 346 168
345 347 888
345 754 377
346 348 941
346 710 694
346 789 103
347 348 574
347 349 631
348 350 422
348 811 136
348 463 798
348 716 673
349 350 738
349 351 162
350 352 836
350 714 613
350 589 885
350 856 699
351 709 355
351 501 888
351 905 707
352 353 5
353 354 975
353 355 505
354 356 38
354 873 722
355 356 635
355 920 466
356 357 264
356 358 38
357 358 766
357 484 895
358 360 559
359 360 732
359 361 784
359 926 254
360 362 922
360 481 810
360 365 542
360 763 359
361 362 792
361 500 539
362 363 77
362 774 923
363 365 778
363 606 646
364 676 982
364 548 48
364 875 538
364 873 235
364 592 219
365 367 75
365 379 474
366 368 319
366 771 70
366 706 261
367 368 167
367 369 596
368 449 564
369 370 181
369 424 194
369 909 369
370 875 589
370 893 271
370 572 12
371 372 121
371 571 298
372 374 917
372 729 134
372 940 10
373 374 423
373 763 160
373 532 554
373 485 286
374 375 849
374 556 261
374 895 719
375 376 894
375 730 318
375 740 280
375 702 578
376 848 764
377 554 895
377 530 331
379 381 224
380 581 13
380 533 317
380 488 214
381 851 9
381 491 198
381 753 659
382 869 40
382 522 307
383 438 657
384 385 213
384 386 634
384 609 7
386 511 631
386 865 619
387 896 630
388 389 884
388 584 842
388 439 353
389 497 563
389 573 985
389 582 253
389 959 662
390 392 929
390 789 535
390 770 971
391 392 557
391 742 184
392 393 254
392 394 149
393 394 532
393 850 864
393 531 992
393 537 845
393 568 331
393 873 758
394 395 123
394 396 530
394 755 825
395 397 845
396 397 403
396 398 264
396 907 104
397 398 172
397 532 145
398 524 777
398 569 561
399 541 692
399 404 142
399 835 455
400 440 438
400 877 496
400 534 518
401 403 909
401 435 485
402 404 457
403 404 721
404 852 682
404 767 853
405 406 217
405 407 128
406 732 353
406 903 195
406 729 103
406 794 153
407 901 955
407 492 10
408 818 595
408 546 770
409 901 942
409 459 813
409 748 812
410 411 125
410 412 261
410 442 266
410 625 404
411 710 484
411 525 3
412 413 865
413 415 860
413 638 224
414 415 718
414 756 913
414 906 279
415 416 390
415 869 894
416 779 888
416 523 532
417 418 120
418 470 222
418 797 121
418 894 606
418 553 185
419 604 542
419 748 431
419 823 727
419 638 325
420 422 473
420 753 445
420 681 877
420 702 615
421 422 671
421 423 989
421 591 820
422 423 719
422 683 819
423 598 533
423 825 519
424 811 854
424 656 552
424 572 846
425 427 793
425 492 694
426 697 209
426 727 426
426 462 529
426 731 270
426 904 165
427 428 495
427 563 808
428 429 219
429 430 628
429 443 456
430 432 277
430 825 653
430 559 567
431 432 521
431 433 212
431 926 404
432 478 677
432 832 544
433 434 31
433 948 592
433 717 634
434 542 687
435 436 874
435 536 824
436 776 616
436 640 410
437 438 220
437 682 142
438 439 891
439 440 678
439 807 21
439 868 177
440 629 107
440 565 196
440 659 731
440 569 632
441 459 451
442 444 530
443 445 861
444 446 876
444 615 665
444 564 954
445 447 333
445 814 868
445 722 966
446 447 1
448 449 189
448 633 117
449 450 618
450 451 283
450 778 809
451 784 364
451 638 927
452 453 836
452 598 828
453 507 964
453 627 939
453 679 364
454 455 946
455 456 450
455 812 729
456 458 101
456 520 778
457 459 167
457 726 975
458 459 791
458 468 697
458 920 924
458 650 928
459 461 624
460 818 809
461 462 170
461 463 11
462 463 676
462 464 674
462 508 457
462 810 147
462 675 944
462 678 871
463 465 224
463 604 407
464 930 565
465 467 292
465 905 416
465 734 550
467 469 741
467 800 748
468 470 185
468 824 895
469 672 757
469 504 886
469 843 680
470 636 178
470 805 301
471 473 712
471 783 940
472 474 126
473 830 130
474 619 477
474 908 175
474 647 35
475 815 405
475 822 458
476 627 146
476 585 255
476 829 398
478 479 68
478 484 403
478 773 384
478 481 340
479 481 870
479 863 958
480 481 826
480 482 967
480 523 933
480 632 350
481 845 970
481 497 337
483 484 994
483 598 71
483 685 322
485 486 977
485 890 748
486 487 672
486 742 271
486 554 687
487 905 670
487 549 648
487 630 298
489 491 635
490 492 986
491 548 316
492 876 420
492 545 189
492 662 89
492 855 498
493 495 876
493 903 429
494 495 855
494 496 280
494 624 236
495 496 518
495 497 754
496 497 488
498 805 813
499 816 695
499 742 932
500 501 538
500 502 699
501 503 181
501 796 652
502 660 240
502 601 743
502 590 195
503 505 806
503 691 92
503 932 341
504 505 32
504 712 369
505 558 648
505 836 456
506 507 528
506 508 485
506 515 227
507 591 709
507 693 247
509 844 700
509 793 122
509 890 692
509 619 644
510 511 424
510 513 133
510 580 115
511 513 333
511 643 323
512 514 70
512 905 252
513 514 193
513 655 359
513 526 609
514 516 682
515 516 673
516 518 411
516 592 943
516 585 78
517 518 636
517 813 455
517 709 942
517 747 300
518 519 443
518 526 226
518 779 23
518 596 77
518 820 227
519 908 172
519 594 486
519 611 458
520 578 315
521 522 957
521 749 157
522 609 345
524 526 486
524 597 31
525 637 182
526 739 919
527 641 316
528 632 155
529 530 699
529 531 592
529 720 281
529 906 895
529 959 211
530 531 462
531 533 606
531 781 141
531 929 205
531 870 285
532 725 298
533 660 174
533 723 436
534 699 90
534 898 963
535 899 126
536 538 183
537 888 722
538 582 300
539 839 567
540 541 969
540 910 305
541 542 479
541 901 354
542 544 821
542 569 88
542 603 269
543 544 564
543 667 133
544 764 52
545 945 994
547 549 944
547 859 94
549 550 268
550 610 347
551 959 783
551 816 466
552 553 428
553 620 575
554 555 761
554 754 967
554 636 149
555 562 598
555 630 121
556 558 176
557 558 25
557 925 177
558 746 567
560 562 565
560 824 215
561 562 610
561 563 322
562 641 705
562 743 661
563 564 996
563 618 232
564 897 527
566 792 569
567 568 259
567 569 921
568 569 729
570 572 742
570 744 382
571 573 895
571 585 102
571 759 991
572 573 122
574 575 907
574 576 482
575 612 717
575 646 953
575 718 91
576 940 250
577 721 612
577 821 773
578 579 646
579 581 622
579 795 843
579 755 99
580 768 731
581 582 311
581 583 143
582 925 451
582 742 350
582 927 219
582 948 101
583 812 610
583 611 787
584 743 404
586 923 799
587 589 122
587 669 600
588 589 178
588 590 85
589 943 342
590 804 15
590 695 75
590 809 321
591 858 487
592 593 257
592 631 666
593 595 370
593 678 890
594 595 179
594 596 176
594 616 341
595 596 345
595 673 435
596 597 495
597 599 79
597 836 570
598 926 19
599 600 715
600 777 848
600 896 40
601 643 289
601 632 913
602 603 569
602 760 100
603 952 236
606 737 253
607 608 519
607 609 166
608 929 656
608 805 318
608 764 661
609 652 458
610 611 172
610 612 105
611 874 902
612 614 218
612 645 706
613 615 337
614 739 326
614 847 722
614 865 466
615 852 201
615 957 115
616 950 275
617 618 151
618 937 912
618 741 872
620 622 987
621 921 377
621 642 584
621 696 335
621 701 387
622 704 571
622 842 115
623 624 817
623 710 374
623 873 293
624 625 107
624 947 712
624 711 352
625 626 339
626 627 416
626 706 617
626 790 685
627 784 599
628 629 603
628 630 691
628 657 35
629 630 239
629 772 251
631 632 208
633 635 985
634 944 824
634 693 190
634 950 135
635 637 406
636 637 810
636 747 855
636 853 722
637 853 626
637 829 607
638 786 24
639 640 54
639 829 720
640 659 348
640 888 733
641 643 54
642 644 975
642 711 896
642 955 146
644 764 687
645 646 342
647 648 63
648 844 353
649 650 171
649 651 759
649 777 521
651 653 216
651 933 327
652 654 976
652 815 683
653 655 362
653 751 378
654 656 812
654 955 674
655 657 662
656 658 184
656 957 358
657 680 116
658 660 429
659 661 775
660 662 72
661 663 846
663 664 648
663 665 933
664 666 291
665 667 400
665 916 721
667 669 56
668 670 86
668 876 934
669 670 185
670 671 467
670 921 67
671 672 600
671 884 565
672 872 498
673 674 204
673 946 68
676 826 652
676 897 81
677 678 338
677 731 704
680 681 111
680 682 111
681 683 421
681 831 998
682 683 762
682 791 413
682 918 402
684 685 889
684 686 315
685 686 843
686 688 358
687 689 493
687 722 438
688 703 145
689 874 859
690 691 81
690 692 825
691 693 267
694 695 704
694 791 997
694 798 968
696 698 756
696 752 387
696 943 450
697 698 372
697 699 878
698 878 238
698 856 914
699 858 531
699 796 678
700 701 556
700 702 890
700 726 314
703 704 504
703 735 166
704 706 245
705 706 960
707 708 854
709 710 719
709 711 323
709 901 371
710 860 194
710 874 962
712 713 855
713 714 404
714 716 987
714 724 318
715 716 375
715 717 635
716 718 466
716 826 367
718 719 710
718 880 744
719 720 415
722 921 290
723 724 518
723 949 513
724 726 842
725 774 193
727 729 339
728 729 916
728 730 486
728 741 390
728 884 876
729 730 92
730 866 380
730 799 8
730 854 817
730 911 364
731 915 360
733 735 964
734 736 51
735 737 601
736 738 159
737 738 54
737 739 526
739 740 827
740 742 511
740 939 445
741 742 764
741 795 715
743 745 350
743 862 645
744 745 227
745 746 853
745 833 574
746 752 445
749 851 830
751 753 648
753 934 336
754 756 357
754 762 132
756 758 242
757 759 845
757 804 623
758 759 583
758 933 767
758 869 2
758 921 140
760 838 904
761 931 399
762 832 247
765 766 67
765 767 835
765 784 751
768 769 789
769 820 876
770 771 896
771 772 649
772 774 983
774 949 315
775 777 414
775 804 929
777 947 191
778 779 618
778 780 335
779 780 750
779 781 146
780 781 808
780 782 758
780 853 309
781 782 280
781 957 451
782 862 805
783 784 774
783 785 126
784 939 736
786 787 288
787 788 867
787 830 569
788 880 639
789 791 581
790 792 125
790 953 698
791 792 958
792 793 537
792 794 281
792 919 579
793 795 392
794 795 995
795 797 842
796 798 306
797 844 240
798 806 631
799 800 874
800 801 369
800 825 145
801 802 585
801 803 307
803 931 374
804 806 87
805 807 836
806 807 282
806 808 719
807 808 727
808 809 171
809 811 590
810 812 227
811 942 941
812 813 625
812 814 641
814 815 175
814 862 582
815 817 74
815 841 513
816 818 247
819 820 581
819 821 386
819 897 782
820 821 382
822 824 979
823 824 32
824 843 924
824 898 877
824 924 378
824 902 385
825 827 184
826 827 716
826 871 334
827 828 485
827 829 979
827 915 73
828 829 995
828 830 402
828 950 242
829 835 535
830 832 863
831 866 861
832 941 80
833 946 873
833 889 842
834 835 22
834 836 687
835 836 963
837 838 872
837 839 503
838 840 600
838 913 609
839 840 893
839 841 668
839 848 546
840 841 806
842 951 904
842 903 726
843 923 875
845 846 386
845 947 482
846 847 916
846 848 65
847 849 116
848 850 408
849 850 503
850 852 416
852 854 275
852 956 873
854 855 878
855 875 950
856 857 132
857 859 46
859 861 709
860 909 132
861 862 123
862 863 543
862 916 399
863 864 307
863 865 129
864 865 536
864 866 246
865 867 192
865 930 21
866 868 862
867 869 218
868 869 870
870 871 77
871 872 139
872 874 238
875 897 705
875 882 878
875 936 634
878 879 413
878 880 726
879 880 241
880 882 260
881 882 587
883 884 206
885 886 390
886 888 145
888 923 683
889 890 709
889 891 482
890 892 187
890 924 381
891 892 853
891 893 806
892 893 545
892 894 439
894 937 956
895 896 290
895 897 796
897 956 66
899 900 573
899 901 774
900 901 201
902 903 49
904 905 900
906 951 499
906 938 341
908 909 870
908 910 241
910 953 270
911 912 789
912 913 974
912 914 763
913 932 275
914 915 345
914 916 430
916 917 63
917 918 651
917 948 227
922 923 726
924 942 660
927 928 687
928 929 85
928 930 149
929 931 412
930 931 547
931 933 768
932 933 32
934 935 428
935 936 382
935 937 848
938 939 226
940 943 892
941 943 295
942 944 94
944 946 607
945 946 336
947 949 35
949 951 722
951 953 770
952 954 397
953 954 179
954 956 234
957 959 667
958 959 834