0 1 742
0 2 684
0 6 798
0 33 419
1 139 272
1 123 685
1 81 913
2 4 903
2 19 585
2 61 862
2 24 902
3 4 934
3 5 94
4 5 875
4 6 747
4 91 309
4 25 118
5 6 579
5 37 990
5 41 665
5 30 617
6 81 486
7 9 677
7 135 91
7 49 580
7 63 147
7 109 107
7 94 693
7 122 316
8 43 191
8 94 151
8 95 442
8 54 259
9 27 902
9 76 838
9 107 29
10 57 894
10 55 591
10 96 511
10 36 870
10 56 626
11 37 265
11 46 239
11 58 617
11 48 846
12 13 59
12 14 525
13 15 663
13 118 817
13 82 259
14 16 820
14 99 524
15 16 468
15 39 800
15 20 393
15 102 768
16 18 643
16 67 401
17 18 636
17 87 261
17 105 482
17 86 558
17 104 389
18 19 445
18 110 905
18 37 768
18 120 311
19 21 810
19 85 600
19 105 663
20 91 942
21 23 411
21 101 821
21 54 295
21 98 653
22 23 303
22 137 937
22 93 661
23 45 731
23 96 139
23 37 415
24 25 206
25 26 473
25 74 908
25 34 844
26 134 699
26 52 627
27 29 576
27 52 82
28 30 722
28 77 463
29 122 25
29 130 623
29 54 627
30 58 373
31 109 782
31 73 236
32 49 923
32 71 690
33 34 198
33 68 521
33 90 356
33 107 165
34 90 358
35 92 665
35 76 212
35 75 244
35 96 516
36 37 698
36 56 755
37 65 98
37 125 493
37 126 32
38 113 537
38 98 225
39 102 194
39 40 427
39 81 710
40 42 699
40 48 987
40 51 959
41 79 927
41 57 907
41 130 394
41 135 878
42 43 979
42 44 435
42 86 887
43 68 162
43 101 722
43 92 200
44 45 581
44 46 36
45 46 60
45 47 469
45 51 239
46 48 33
46 58 556
47 50 462
47 78 266
47 57 369
47 116 139
48 49 493
48 77 971
48 134 429
49 124 97
49 63 28
50 51 253
50 52 968
52 54 371
52 126 369
53 54 819
53 55 739
53 133 887
54 56 924
55 72 163
55 89 283
55 96 721
55 103 293
56 127 276
57 59 5
57 85 547
58 61 383
58 82 920
59 61 583
59 118 807
59 80 202
60 62 577
60 120 112
61 97 789
62 64 628
62 115 553
62 103 241
62 117 656
64 65 787
64 66 899
65 92 579
65 88 19
66 67 474
66 107 19
67 112 511
67 80 295
67 121 640
68 69 934
69 70 760
69 71 600
70 71 865
70 72 49
70 114 916
71 79 754
71 131 11
71 115 502
72 83 400
73 74 73
73 75 480
73 115 268
74 76 83
74 117 839
75 81 903
76 78 991
77 134 679
77 97 571
78 80 645
79 91 643
79 97 153
80 109 140
81 82 776
82 124 631
83 106 940
83 116 259
84 85 752
84 97 321
85 86 916
87 119 770
87 91 267
88 93 313
89 91 773
90 91 984
91 110 585
92 94 57
92 113 146
92 123 549
93 99 404
95 132 855
97 113 111
97 110 713
98 99 294
99 100 139
99 101 684
99 118 38
99 134 28
100 101 477
100 104 24
100 116 931
101 103 902
102 103 17
102 126 720
102 119 902
105 106 909
106 107 570
106 108 759
107 108 992
108 110 440
108 125 632
109 134 605
109 131 64
110 111 534
111 112 707
112 113 812
112 114 710
112 129 672
113 114 833
113 115 581
113 119 495
114 122 659
116 117 444
116 137 687
117 135 692
118 120 315
118 132 383
120 121 868
121 134 447
122 123 271
123 124 492
123 138 890
124 126 297
125 126 608
125 139 973
127 129 976
128 129 223
128 130 439
129 131 284
130 132 48
131 132 824
132 133 234
133 134 254
134 138 875
136 137 290
136 138 393
137 139 444