0 1 959
0 2 643
0 158 618
0 109 831
1 2 721
1 3 470
1 47 609
1 60 274
2 3 516
2 93 808
3 4 406
3 158 252
3 100 171
4 5 416
4 148 756
4 150 364
4 86 392
5 7 332
5 151 105
5 70 177
6 7 625
6 100 388
7 159 1
7 89 787
7 81 421
7 95 206
7 132 661
8 9 283
8 10 496
8 140 268
9 110 594
9 23 829
10 11 234
10 40 592
10 90 832
11 102 339
11 41 203
11 45 336
11 78 957
11 146 853
12 159 331
12 157 414
12 42 418
13 14 803
13 60 486
13 68 110
13 104 205
13 138 105
14 22 529
14 129 556
14 159 8
15 40 488
15 67 753
15 129 982
15 20 566
15 138 334
16 17 215
16 95 64
16 105 751
16 108 274
16 156 233
17 134 311
17 60 770
18 51 349
18 102 837
18 104 583
19 20 331
19 21 994
19 107 656
19 141 996
20 96 957
20 127 487
21 98 722
21 83 927
22 24 22
22 44 210
22 72 739
23 25 885
23 41 629
24 27 679
24 32 929
24 118 782
25 27 478
25 120 485
25 110 439
26 27 152
26 127 906
27 28 94
27 52 733
28 30 922
28 38 518
28 32 509
29 121 169
29 44 724
30 31 437
30 32 968
31 32 462
31 151 919
31 36 867
33 34 301
33 38 178
34 36 168
34 148 862
34 80 907
35 36 506
35 37 573
36 150 495
36 143 522
36 148 943
37 39 697
37 129 381
38 39 69
38 40 710
38 64 819
38 112 154
39 40 41
39 90 420
39 101 537
40 41 753
40 150 991
41 147 756
41 46 437
42 43 169
43 44 141
43 99 441
44 45 20
44 115 474
44 144 595
44 91 286
45 73 883
45 154 157
46 47 152
46 79 997
46 75 966
46 62 848
47 111 434
47 102 718
48 49 96
48 50 335
48 66 215
48 144 82
48 156 584
48 137 668
49 50 351
49 58 706
49 143 701
50 51 245
50 90 847
51 52 912
51 122 5
52 85 809
52 140 515
53 54 688
53 55 654
53 142 482
54 142 393
54 144 673
55 58 558
55 80 203
55 148 233
56 63 791
56 111 426
57 58 484
57 59 953
58 60 101
58 145 873
59 83 829
59 141 71
59 128 701
60 103 738
61 62 967
61 63 626
61 89 824
61 108 588
61 151 634
61 157 395
62 102 341
62 120 640
63 64 916
63 137 195
64 66 271
65 66 288
65 67 703
66 68 173
67 114 762
67 139 211
67 144 491
67 149 856
68 102 197
69 71 798
69 75 213
70 71 40
70 119 549
71 72 914
71 73 663
71 116 196
72 78 973
73 74 767
73 145 462
74 76 7
74 133 686
75 76 430
75 77 592
76 78 636
76 105 877
76 123 348
77 79 890
77 155 28
77 152 806
78 143 628
79 81 510
79 137 89
81 82 647
81 155 258
82 84 80
82 108 54
83 139 706
83 131 872
83 113 441
84 86 474
84 89 271
85 87 541
85 100 580
85 107 534
85 132 119
86 153 105
87 88 501
87 98 563
88 89 668
88 104 625
89 106 933
90 103 52
91 101 173
92 94 508
92 108 94
93 102 408
93 138 367
94 96 64
94 142 524
96 97 266
96 139 543
97 98 148
97 99 177
98 99 80
98 148 38
99 100 927
99 156 690
100 138 537
100 106 52
101 102 638
103 105 435
104 146 800
105 107 474
106 107 702
106 108 368
106 110 877
106 159 632
108 109 472
109 110 88
111 112 823
111 113 35
112 140 350
113 114 674
113 115 797
114 115 458
114 148 816
115 117 42
116 117 173
117 118 435
117 119 165
118 119 998
118 120 414
119 120 902
120 121 334
120 154 9
121 122 114
121 123 875
122 124 88
122 136 820
123 124 657
124 144 709
124 148 747
125 126 100
125 127 311
126 127 513
126 128 772
127 129 481
128 129 364
128 146 45
129 131 660
130 131 624
130 132 946
130 150 374
131 133 328
131 146 16
133 135 859
133 156 233
134 149 866
134 150 905
135 137 696
135 146 619
136 137 367
136 144 344
138 139 508
139 140 593
140 141 151
142 143 187
142 159 697
143 145 764
145 147 732
147 148 48
147 149 869
149 150 834
150 151 718
151 152 836
152 153 17
153 154 566
153 155 15
155 156 218
157 158 169