0 1 973
0 419 860
0 149 244
0 204 386
0 239 317
0 400 790
0 345 810
1 3 196
1 190 141
1 52 22
2 258 525
2 25 576
2 225 861
3 335 556
3 304 207
3 68 148
3 71 712
3 194 175
3 371 59
4 27 378
4 118 703
5 357 845
5 80 451
5 408 125
6 7 277
6 229 904
7 109 790
7 270 473
8 306 507
8 75 463
9 241 348
9 235 825
9 174 763
9 289 772
9 322 879
9 359 314
10 12 618
10 335 275
10 228 847
11 13 336
11 297 496
12 13 708
12 14 856
12 121 572
13 15 840
13 110 634
13 224 587
14 366 873
14 68 727
14 161 132
15 346 86
15 209 148
15 386 653
16 18 328
16 72 52
16 322 148
16 276 71
17 18 402
17 19 839
17 377 716
18 19 199
18 20 110
19 99 532
19 28 760
20 21 758
20 59 666
21 23 95
21 45 342
22 24 80
22 148 993
22 392 864
23 25 95
23 338 560
23 345 469
23 129 468
24 25 525
24 226 304
24 369 442
24 126 860
24 187 846
24 388 146
25 343 813
25 287 395
25 392 154
25 387 133
26 28 35
26 378 3
26 96 405
26 222 576
26 261 64
27 171 932
27 251 746
27 157 825
27 29 102
28 385 180
28 100 229
28 412 238
29 113 64
29 321 802
30 32 629
30 220 687
30 284 396
31 33 598
31 220 348
31 105 23
31 177 834
32 33 576
32 275 518
32 330 607
33 224 880
33 294 780
33 240 606
34 36 112
34 117 58
34 146 560
34 391 521
35 37 65
35 57 839
35 274 87
36 264 261
36 338 567
36 193 1
37 38 985
37 302 819
38 39 346
38 280 841
38 208 362
39 40 799
39 311 811
39 55 519
39 133 56
40 41 221
40 42 870
40 181 48
41 43 686
41 323 720
41 147 489
41 408 265
42 44 962
42 280 43
43 86 405
43 155 429
43 219 106
43 230 487
44 192 895
44 305 469
44 120 53
45 406 903
45 213 308
45 255 731
46 47 633
46 48 853
46 142 252
46 172 388
47 48 854
47 106 469
47 109 487
48 50 248
48 298 202
48 251 416
49 51 293
49 68 939
49 113 677
50 51 107
50 116 900
50 405 197
51 52 868
51 61 726
51 200 6
51 171 829
52 294 401
52 328 299
53 55 898
53 125 387
53 244 900
53 391 235
54 275 503
54 153 592
54 170 942
54 226 164
55 310 632
55 399 427
56 185 456
56 267 946
57 58 41
57 343 703
57 189 612
57 298 785
58 378 200
58 77 952
58 252 992
58 356 669
59 60 809
59 227 432
59 373 574
59 396 846
59 381 672
60 180 308
60 219 516
60 85 270
60 339 818
61 290 828
61 379 636
61 346 920
62 63 799
62 317 157
63 65 736
63 150 200
63 122 276
64 65 874
64 414 880
64 74 75
64 136 205
64 244 705
64 368 750
65 66 913
65 126 213
65 178 706
66 67 723
66 210 292
66 74 844
66 328 380
67 348 707
67 165 891
67 125 330
67 330 907
68 257 232
69 144 988
69 83 102
69 266 430
70 71 876
70 72 774
70 269 359
70 75 389
71 263 455
71 384 314
72 73 801
72 74 451
72 150 841
73 97 542
73 315 198
73 176 586
74 115 256
75 221 187
76 77 203
76 78 431
76 109 397
77 320 474
78 366 448
78 218 507
79 291 441
79 224 837
79 264 516
80 81 934
80 85 818
81 300 848
81 194 425
82 404 417
82 250 695
82 191 752
82 380 900
83 85 119
83 299 771
83 119 682
84 86 532
84 317 1
85 86 564
86 354 731
86 114 174
86 96 853
86 303 505
87 140 547
87 352 10
87 245 783
87 291 50
88 89 692
88 90 675
88 134 635
88 394 905
89 252 672
89 268 789
89 192 196
89 177 964
90 92 769
90 343 726
90 352 667
91 93 814
91 311 20
91 413 291
92 94 597
92 386 124
93 95 848
93 355 242
93 215 902
93 393 30
94 95 429
94 270 196
95 389 330
95 419 534
96 329 113
96 117 92
97 98 410
97 99 610
97 364 277
98 99 884
98 388 716
98 149 304
98 292 506
99 100 875
99 148 868
99 317 209
99 222 981
100 102 46
101 102 162
101 285 321
101 354 49
101 296 37
101 308 905
102 103 569
102 193 917
103 104 759
103 105 169
103 259 302
104 106 525
104 166 17
104 337 176
105 107 616
106 357 686
106 262 497
107 109 244
107 252 775
107 211 275
107 152 21
108 109 491
108 315 51
109 378 373
110 111 457
110 187 466
110 387 346
110 413 325
111 112 565
111 113 4
111 340 880
111 379 643
112 264 189
112 257 568
113 268 807
114 115 324
114 261 610
114 385 506
115 116 109
115 383 75
115 192 294
116 161 827
116 297 583
116 290 874
116 398 814
117 160 193
117 129 538
118 120 251
118 335 388
118 156 324
119 120 576
119 265 715
119 293 377
119 343 78
119 247 293
120 121 114
120 156 469
121 122 179
121 321 480
121 207 708
121 260 472
122 124 561
122 270 869
123 124 192
123 235 723
123 382 444
124 130 493
124 374 883
124 155 481
125 353 420
127 129 564
127 240 754
127 143 147
128 129 415
128 190 731
130 132 887
130 152 915
130 352 733
131 252 770
131 377 825
132 133 630
132 134 66
132 203 470
132 283 632
133 134 660
133 402 568
133 169 439
134 136 128
135 209 581
135 304 82
135 218 702
136 137 466
136 386 258
137 139 558
137 215 799
138 140 14
138 376 586
138 393 241
139 258 345
139 222 841
139 412 327
140 141 493
140 142 345
140 192 63
141 143 795
141 245 458
141 409 29
142 144 554
142 188 636
143 195 840
144 145 491
144 146 998
145 146 107
145 147 495
145 217 88
145 286 631
146 148 169
146 360 240
147 254 894
147 362 203
148 302 586
149 347 551
150 274 293
150 397 319
151 152 648
151 153 191
151 416 150
151 324 435
152 316 789
152 190 743
152 364 591
153 155 439
154 155 490
154 156 38
154 311 150
155 156 424
156 316 803
156 377 369
156 409 77
157 336 851
157 255 624
158 220 339
158 385 903
158 205 89
159 160 896
159 161 48
159 310 549
160 161 530
160 170 763
160 227 684
160 396 627
161 162 654
161 342 687
162 164 932
162 229 726
163 165 647
163 189 378
164 165 130
164 166 920
164 188 216
164 193 838
165 241 26
165 242 803
165 176 229
165 179 717
166 167 584
166 168 421
166 303 884
167 169 987
167 387 377
168 169 361
168 170 842
169 170 731
170 247 18
171 172 153
171 173 540
172 174 327
172 185 883
173 174 177
173 354 113
173 307 394
174 274 861
175 177 138
175 263 250
176 177 128
176 295 761
177 418 847
178 179 989
178 351 103
178 190 754
179 295 441
180 186 833
180 187 573
180 358 368
181 293 815
182 183 460
182 355 666
183 344 230
183 388 707
183 376 357
184 186 707
184 268 509
184 195 293
185 365 426
186 187 216
186 188 807
186 228 247
189 190 430
190 191 168
191 193 512
191 314 52
191 220 263
191 390 491
192 402 988
194 195 501
194 246 843
195 197 469
195 396 776
196 197 789
196 198 364
196 407 948
197 199 440
197 363 222
197 261 802
198 199 838
198 200 661
199 200 527
199 278 339
199 389 27
199 360 467
200 202 980
201 202 120
201 203 875
201 401 534
202 203 738
202 204 736
203 218 723
204 238 485
204 276 891
204 403 735
205 352 330
206 207 714
206 208 508
206 372 960
207 365 754
208 209 688
209 279 678
209 377 128
210 211 83
210 212 26
210 267 712
210 349 882
211 245 470
211 287 806
212 214 585
212 388 102
213 214 682
213 309 967
214 352 227
214 336 544
215 246 148
216 218 84
216 303 126
217 218 842
217 304 54
218 219 763
219 220 290
220 248 876
221 411 572
221 264 219
222 284 426
222 315 25
223 225 449
223 367 380
224 226 365
224 353 135
225 226 346
227 403 549
227 376 74
228 312 820
229 230 396
229 231 515
230 231 456
231 233 710
231 393 272
232 233 178
232 234 215
233 297 625
233 276 690
234 235 18
234 236 288
235 237 443
235 241 178
236 237 667
236 244 390
237 239 63
237 350 264
238 255 660
238 259 226
238 313 114
239 241 560
240 241 506
241 268 884
242 243 116
242 401 958
243 244 669
243 296 756
243 319 948
244 279 784
244 382 663
244 409 792
245 300 937
246 370 335
246 265 360
247 248 174
247 335 135
247 329 648
248 249 468
248 250 475
249 251 736
249 266 810
249 368 627
250 360 280
252 383 123
253 254 689
253 255 231
253 372 805
253 297 951
254 256 543
256 257 237
256 258 585
256 260 33
257 258 492
257 366 789
258 260 150
258 295 748
258 399 651
259 280 554
259 307 338
262 359 200
262 404 949
263 265 184
263 406 999
263 314 691
264 265 960
265 349 130
266 342 842
267 335 693
268 292 440
268 380 807
269 277 391
269 307 148
270 307 306
271 415 929
271 298 245
272 273 470
272 341 403
272 402 931
273 274 758
273 275 149
273 385 75
274 314 71
275 277 848
276 277 221
276 356 973
277 279 675
277 295 924
278 366 234
278 316 612
279 281 740
280 326 188
280 381 532
281 369 493
281 329 10
282 284 698
282 320 77
283 316 627
283 375 25
285 287 93
285 337 196
286 316 512
287 346 838
287 359 617
287 301 284
288 289 507
288 290 748
288 418 473
289 290 17
290 292 316
291 412 923
293 295 34
294 296 799
295 388 184
295 410 148
297 397 818
298 299 456
299 300 674
299 301 68
299 302 402
300 302 300
301 394 144
302 304 648
304 388 460
305 307 366
306 307 687
306 308 833
306 331 812
307 308 913
307 309 960
308 344 952
309 311 783
309 371 938
309 389 286
310 336 831
310 394 440
311 312 925
311 325 891
312 313 626
313 314 213
314 315 525
315 317 812
316 318 464
317 319 609
318 319 604
318 410 632
318 417 302
319 320 895
319 392 714
319 415 772
320 321 430
320 322 2
320 324 123
320 395 360
322 401 679
323 325 596
323 411 368
324 340 232
325 326 631
326 328 546
326 380 768
326 379 393
327 402 886
327 362 88
327 382 880
328 386 423
328 351 870
330 331 790
331 332 933
332 333 799
332 334 520
333 334 307
333 408 556
334 339 696
334 337 994
335 337 66
336 338 759
336 342 899
336 362 667
338 340 138
338 408 295
339 340 566
341 360 892
342 343 294
343 345 828
344 346 235
344 372 463
347 348 111
347 378 545
348 349 587
348 350 33
350 351 771
350 394 515
353 355 673
353 394 336
354 404 267
355 356 623
355 357 209
356 358 137
357 359 739
357 375 963
358 359 326
359 360 448
361 362 177
361 363 335
363 365 670
363 379 977
363 406 267
364 400 33
365 366 889
365 367 337
365 419 705
367 368 860
367 369 28
369 370 181
369 371 223
370 371 661
370 372 765
371 372 174
373 375 710
374 375 928
374 398 204
375 384 392
376 377 293
380 398 242
381 382 377
382 383 167
383 385 438
384 386 789
387 416 805
389 391 323
389 404 393
390 391 847
395 396 907
400 401 817
401 410 89
402 404 351
404 406 576
405 406 558
406 407 146
407 408 512
411 412 121
411 413 101
412 413 180
413 415 405
414 416 887
415 416 52
416 418 969
417 418 683