0 28 548
0 57 536
0 41 397
1 3 582
1 74 986
2 33 23
2 47 487
2 62 62
2 5 25
3 4 955
3 11 468
3 13 340
3 74 685
3 49 260
4 5 680
4 29 219
4 79 163
4 31 109
4 55 627
5 66 794
5 62 633
5 71 23
5 10 826
5 64 829
6 8 520
6 61 119
7 32 5
7 8 75
8 40 415
8 38 649
8 46 946
8 56 906
8 13 804
9 74 792
9 31 467
9 34 363
9 39 440
10 22 286
10 68 82
11 14 574
12 14 16
12 75 338
12 28 656
12 70 286
13 33 28
13 68 34
13 39 284
13 25 18
14 15 352
14 18 10
15 51 960
15 20 381
15 58 371
16 25 58
16 75 849
16 46 113
17 19 171
17 58 446
17 38 373
18 45 757
18 33 261
19 21 385
19 31 117
19 43 218
19 61 27
20 40 63
21 22 186
21 52 600
22 52 468
22 38 579
22 78 38
23 24 306
23 31 206
23 79 630
23 71 228
24 45 777
24 37 857
24 46 324
24 52 249
25 26 408
26 27 292
26 66 297
26 77 41
27 54 19
27 55 74
27 47 882
28 30 595
28 54 64
29 41 963
29 57 787
30 61 71
30 78 40
30 67 610
32 33 196
32 48 588
33 35 326
33 72 373
34 35 832
35 36 492
35 66 677
35 70 937
36 43 772
36 47 303
36 70 682
37 39 951
37 51 963
37 58 733
37 75 805
38 50 243
39 65 36
40 41 827
40 42 98
41 42 439
42 43 945
42 44 188
43 44 933
44 45 282
44 46 561
45 46 671
45 70 764
48 68 906
48 76 488
48 77 535
49 70 976
49 79 203
50 51 65
51 53 822
51 73 53
52 53 730
53 54 864
53 55 539
54 56 216
55 71 646
56 58 280
56 61 57
57 58 747
57 66 137
57 73 519
57 79 708
58 64 131
59 61 738
59 72 71
60 61 387
60 62 717
62 64 387
63 64 377
63 65 928
64 65 133
65 67 142
65 75 955
66 67 659
67 69 398
69 70 320
69 71 514
71 73 411
72 73 678
73 74 484
74 76 62
76 78 526
77 78 44