0 359 505
0 358 840
0 133 266
0 66 881
1 2 897
1 3 63
1 359 273
1 40 190
1 291 929
2 4 197
2 318 367
2 118 598
3 5 402
3 165 265
3 231 42
3 73 266
4 6 692
4 348 201
4 61 304
4 252 608
5 7 47
5 279 114
5 43 530
5 92 180
5 202 652
5 207 657
5 219 686
6 193 195
6 54 341
6 33 535
7 332 779
7 57 118
7 190 567
7 217 149
8 9 331
8 259 447
8 68 224
8 186 292
9 226 405
9 192 471
10 12 519
10 332 724
11 12 365
11 122 389
11 163 505
11 89 923
12 13 186
12 173 918
12 187 967
12 53 501
13 14 805
13 253 373
13 359 994
14 250 335
14 123 226
14 118 371
14 97 240
15 17 924
15 340 388
15 149 477
15 314 693
16 209 22
16 236 196
16 35 412
17 18 926
17 19 283
17 133 757
17 265 571
18 20 801
18 218 716
18 22 222
19 206 763
19 113 527
20 72 569
20 333 923
20 270 579
21 180 952
21 169 87
21 315 452
21 201 674
21 91 142
21 233 585
21 260 672
22 24 12
22 48 535
22 328 843
22 49 959
23 39 361
23 290 849
23 91 926
24 25 319
24 26 537
25 27 321
25 269 724
26 358 818
26 271 935
26 46 122
26 173 256
26 300 123
27 28 608
27 29 218
27 119 731
28 197 487
28 336 310
28 158 438
28 352 535
29 82 362
29 133 686
29 174 560
30 31 177
30 249 833
30 222 925
31 33 762
31 196 600
31 37 523
31 90 765
32 160 643
32 105 247
33 290 694
33 304 764
34 35 219
34 36 526
34 231 493
34 246 227
35 36 587
35 37 638
35 203 965
36 37 140
36 99 972
36 275 213
37 78 779
37 72 477
38 146 849
38 261 459
38 149 960
38 93 168
39 205 360
39 306 327
39 180 619
40 50 392
40 332 223
40 261 435
40 302 169
41 42 281
41 252 791
41 90 233
42 43 151
42 44 461
42 168 937
43 44 642
44 45 255
44 46 429
44 190 764
44 319 658
45 47 153
45 123 921
45 216 810
45 62 731
46 124 331
46 58 437
46 126 934
46 336 414
47 238 284
47 303 787
47 200 867
48 50 67
49 50 479
49 224 902
50 273 562
50 255 134
51 53 743
51 268 895
52 122 693
52 211 470
53 54 719
53 55 337
53 176 648
54 74 797
54 167 270
55 57 603
55 181 811
55 164 142
55 81 152
56 57 903
56 359 668
57 59 676
57 120 879
58 59 677
58 60 984
58 285 375
59 60 164
59 61 116
59 196 745
59 280 143
59 129 468
59 215 900
60 297 894
60 276 129
60 328 209
61 261 814
61 150 647
62 74 483
63 64 678
63 75 887
63 87 784
63 221 977
64 65 604
64 66 152
65 66 991
65 275 174
65 310 478
66 67 177
66 161 377
66 210 920
66 240 278
67 252 157
67 260 168
68 69 452
68 70 623
69 70 19
69 238 158
69 137 181
70 71 361
70 217 41
71 276 852
71 107 574
71 242 993
71 209 664
72 211 843
72 174 399
72 90 684
73 285 89
73 323 122
74 75 378
74 241 979
74 307 175
75 77 717
75 93 11
75 137 843
75 98 606
76 77 42
76 184 207
76 236 172
76 349 455
77 79 501
77 215 491
78 80 675
78 224 822
78 276 298
79 80 694
79 140 446
80 81 108
80 240 842
80 96 377
81 82 336
81 87 19
82 227 84
82 209 106
82 223 88
83 223 901
83 322 121
83 340 782
83 352 47
84 128 220
84 243 472
85 86 444
85 87 341
85 341 222
86 181 512
86 327 151
86 338 678
86 307 381
88 275 884
88 201 521
88 326 192
88 200 520
89 267 129
91 345 485
91 325 938
92 93 998
93 94 931
94 95 324
94 134 925
94 106 56
95 97 764
95 104 806
95 308 459
95 348 385
96 98 657
96 117 374
97 179 573
97 117 135
97 230 906
97 297 439
98 99 748
98 251 750
99 124 427
99 284 873
99 299 769
99 127 880
100 101 884
100 102 185
100 171 914
101 219 6
101 120 219
101 338 408
101 147 954
102 295 485
102 243 725
102 307 807
103 105 894
103 203 311
104 106 72
104 290 584
104 170 529
105 107 524
105 192 110
106 198 729
106 134 172
107 118 215
107 342 502
108 222 391
108 288 641
109 328 962
109 116 71
109 181 343
110 168 702
110 173 78
111 112 427
111 113 885
111 334 794
112 356 836
112 277 302
112 238 579
112 305 28
113 115 516
113 321 21
113 144 929
113 218 34
114 171 701
114 132 514
114 296 725
114 331 209
115 116 286
115 212 368
116 210 413
117 242 534
117 236 380
119 150 865
120 268 796
121 146 277
121 252 919
122 124 898
122 295 882
123 125 822
123 258 75
124 353 158
124 143 145
124 211 127
125 126 749
125 165 865
126 159 223
127 129 394
127 332 852
128 129 108
128 165 275
128 262 213
128 356 233
129 130 535
129 249 111
129 270 687
130 167 154
130 283 941
130 228 741
131 132 743
131 163 702
131 160 647
132 134 715
133 223 390
133 278 147
133 295 220
134 136 489
135 136 499
135 313 311
136 148 910
136 143 686
137 245 385
138 140 476
138 175 506
139 172 376
139 247 530
139 241 416
139 198 471
139 210 63
140 141 118
140 281 327
140 359 64
141 142 650
141 219 496
142 144 459
142 189 962
143 284 887
144 146 794
144 357 675
145 147 522
145 327 240
146 148 18
146 354 598
147 148 228
148 150 318
148 313 743
149 295 436
150 256 599
150 287 31
151 345 506
151 330 391
152 153 493
152 154 416
152 248 148
153 155 195
153 280 153
153 351 436
153 226 726
153 306 123
154 170 156
154 241 907
154 290 411
155 156 638
155 183 243
155 328 110
155 294 487
156 274 657
156 196 465
157 343 732
157 289 645
157 232 948
158 159 273
159 160 711
159 161 904
160 161 670
160 282 835
161 163 452
161 218 106
161 287 758
162 164 381
162 356 680
163 164 681
163 165 842
163 183 565
164 282 664
165 233 305
165 256 578
166 167 660
166 311 359
166 230 490
166 292 874
167 168 992
167 268 263
167 318 900
167 329 403
167 284 828
168 170 653
168 248 406
169 171 290
169 292 641
170 269 929
170 228 579
170 175 531
171 172 189
171 200 209
171 269 803
172 173 84
172 206 699
174 246 736
174 293 953
175 176 496
175 267 970
176 177 881
176 220 463
177 178 973
177 202 334
178 180 998
178 187 237
178 291 383
179 180 947
179 181 96
180 181 228
181 304 424
181 297 42
182 183 302
182 244 726
182 301 388
184 186 220
185 186 522
185 266 773
185 272 563
185 189 770
185 243 379
186 187 953
186 328 112
187 227 103
188 190 281
188 351 408
189 195 555
189 345 268
189 227 769
191 192 82
191 193 487
192 193 873
192 245 318
193 194 487
193 195 238
194 195 883
194 196 365
194 317 318
195 196 395
195 197 930
196 198 719
197 198 322
197 252 791
198 199 818
199 200 547
199 201 734
200 358 474
201 353 526
201 343 426
202 335 731
202 324 202
203 205 769
203 227 934
204 205 181
204 206 366
204 309 681
205 343 836
205 309 304
205 231 817
206 207 271
206 208 858
206 350 889
207 271 500
207 214 357
208 210 333
208 354 287
211 299 452
211 315 217
212 213 478
212 214 154
212 272 852
213 214 206
213 215 61
214 216 10
215 263 99
216 218 980
217 358 539
219 290 878
220 309 487
221 222 359
222 223 364
223 317 858
224 353 667
225 227 187
225 258 645
225 239 540
225 250 204
225 293 863
226 227 437
228 337 654
228 327 517
229 230 365
229 231 642
230 314 903
232 233 664
232 234 828
232 330 638
234 235 501
234 236 140
234 321 265
235 236 649
235 237 327
236 301 864
236 266 993
237 351 417
237 293 344
238 239 998
239 264 895
239 256 58
239 253 766
240 242 492
241 243 562
241 298 499
242 244 229
244 246 588
244 276 163
245 279 719
245 324 598
246 250 108
247 320 804
247 351 145
248 277 534
249 261 426
250 257 630
251 253 910
251 354 523
252 253 877
252 312 638
253 332 149
254 255 555
254 256 641
255 256 177
255 257 191
256 257 452
256 258 471
257 259 989
257 355 495
257 356 138
258 259 616
259 261 291
260 322 424
261 263 430
262 264 21
262 302 821
263 264 872
263 265 605
264 266 239
265 348 293
265 316 121
266 268 570
267 268 630
268 289 908
270 271 98
271 273 312
271 283 299
271 295 516
272 311 606
273 275 333
274 275 618
274 276 358
277 279 975
278 280 529
279 281 549
280 282 74
280 289 437
281 283 271
281 351 750
282 283 654
283 285 82
284 286 539
284 318 612
285 287 991
286 287 325
286 288 858
288 290 356
288 351 234
288 339 207
290 320 686
294 328 443
294 338 648
296 298 789
297 305 702
298 299 549
299 301 739
300 301 483
303 304 25
303 305 526
304 305 593
305 306 700
306 307 412
307 308 700
308 310 806
310 311 408
310 312 596
311 326 500
312 314 906
313 314 984
313 315 957
314 315 367
315 317 336
315 357 560
316 317 81
317 319 765
319 320 900
321 323 134
321 345 906
322 324 232
323 324 757
324 326 146
325 327 603
326 328 398
329 331 258
330 332 558
331 332 907
331 333 296
333 335 19
334 335 691
334 342 796
335 336 610
335 337 316
336 337 346
337 338 111
337 339 702
338 339 49
339 340 607
340 342 56
341 342 438
342 344 772
343 353 548
344 345 11
344 346 961
346 347 929
346 355 122
347 348 646
347 352 895
348 349 329
349 350 269
350 351 709
352 353 747
353 354 607
354 356 714
355 356 559
356 357 66