0 1 446
0 178 77
0 110 429
0 175 965
0 14 510
1 2 977
1 45 972
1 156 76
2 138 879
2 134 923
3 4 623
3 25 812
3 134 228
3 56 894
3 27 7
3 106 770
4 19 228
4 34 992
4 90 405
4 112 939
4 37 236
5 6 211
5 7 118
6 7 555
6 8 982
6 50 784
7 9 58
7 77 953
8 10 610
8 152 767
8 88 300
8 143 217
9 10 582
9 11 789
9 167 546
10 174 151
10 175 146
11 22 232
11 45 692
11 138 146
12 13 480
12 76 480
12 160 660
13 14 346
13 86 443
13 128 969
14 15 74
14 52 172
15 53 732
15 91 804
15 95 270
15 31 478
16 18 16
16 146 848
17 140 823
17 48 312
17 20 993
18 20 757
18 146 893
18 178 213
19 21 179
19 89 472
19 129 780
20 21 178
20 104 31
21 157 78
21 80 524
22 23 637
22 24 712
22 107 552
23 124 818
23 147 902
23 59 699
23 86 439
24 118 587
24 134 337
25 27 770
25 174 355
26 176 929
26 75 164
27 28 166
27 67 411
27 102 63
27 93 313
28 30 438
28 34 304
28 43 830
28 74 562
28 63 178
29 31 914
29 117 415
29 39 153
30 31 412
30 32 895
30 133 862
30 94 879
31 33 284
31 85 238
31 36 142
32 33 17
32 93 953
33 96 656
33 114 241
33 41 47
33 173 702
34 36 46
34 87 235
34 151 346
35 37 658
35 113 449
35 66 622
35 103 762
35 104 86
36 38 5
36 97 895
37 62 509
37 102 905
37 99 982
38 40 356
38 46 25
38 140 530
39 153 340
39 118 138
40 139 995
40 145 551
40 124 327
40 130 845
41 101 198
42 159 564
42 175 874
42 60 149
42 117 137
43 54 842
43 72 460
43 64 356
44 46 995
44 171 60
44 103 391
45 49 299
45 155 52
45 57 802
45 125 483
45 169 220
46 48 283
46 80 207
46 98 906
46 56 631
47 49 26
47 163 160
47 50 423
48 50 187
48 92 268
48 167 191
48 69 617
49 99 997
49 57 378
50 171 268
51 111 870
51 110 374
52 53 128
52 54 766
52 129 160
52 159 687
52 165 288
53 54 825
53 55 138
53 75 717
54 121 983
55 56 136
55 103 371
56 154 154
57 88 378
57 101 721
58 59 900
58 162 282
58 172 229
59 114 555
59 165 531
59 73 692
60 129 21
61 62 592
61 63 877
62 64 47
62 131 829
62 126 916
63 75 967
63 82 968
63 95 702
64 65 941
64 92 751
64 146 922
65 67 206
65 143 104
65 124 147
66 81 776
67 69 194
68 70 724
68 98 305
68 121 12
69 93 652
69 113 674
70 125 243
70 90 685
71 72 245
71 73 747
72 74 493
72 99 697
72 78 438
73 87 270
73 160 474
74 76 647
75 76 633
75 134 367
75 175 484
75 177 845
76 103 323
76 132 561
77 78 529
77 96 257
78 174 267
79 139 491
79 149 213
79 141 708
80 81 978
80 179 983
80 116 722
81 82 916
81 176 180
81 171 324
82 130 364
82 172 140
82 132 16
82 92 202
83 84 465
83 85 252
84 86 515
84 174 173
85 86 555
85 87 645
85 96 165
86 88 756
86 148 977
87 89 118
87 137 5
88 138 132
88 170 843
89 90 893
89 167 422
89 133 898
90 99 211
90 127 433
91 154 891
92 111 944
92 177 432
92 176 164
93 112 671
94 95 504
94 173 250
94 139 703
95 152 88
96 98 361
97 99 888
98 100 877
98 112 837
98 143 414
99 166 243
99 163 714
100 101 333
100 160 343
101 132 137
102 104 956
104 120 181
105 149 43
105 132 508
105 109 285
106 131 185
106 122 576
107 119 657
108 109 543
108 110 355
108 153 538
109 168 256
109 122 603
109 136 123
110 112 864
110 115 178
110 131 77
110 157 491
111 164 897
113 114 155
114 115 884
114 176 647
115 117 48
115 179 762
116 132 181
117 162 213
118 123 2
119 120 599
119 121 405
119 179 429
120 122 553
121 123 98
122 123 943
122 125 393
122 161 617
123 124 950
123 125 227
123 142 793
123 150 446
124 125 797
124 128 449
124 158 408
125 128 962
126 128 288
127 128 6
127 162 896
131 133 889
135 136 750
135 164 231
136 137 903
137 138 614
139 140 28
140 142 819
140 146 233
141 142 521
142 143 78
144 145 893
144 146 916
145 172 929
147 149 326
148 149 919
148 159 384
149 151 930
149 177 933
150 172 486
151 173 594
151 171 469
152 154 976
153 155 618
154 155 84
154 179 559
155 157 721
155 170 334
156 157 26
157 158 708
158 159 864
160 162 16
161 162 865
161 165 588
163 164 208
164 165 549
164 166 359
165 166 991
166 167 809
168 169 137
168 170 867
169 170 352
170 172 445
172 174 533
174 175 243