0 779 957
0 35 848
0 86 44
0 518 235
0 286 509
1 3 936
1 181 950
2 166 238
2 573 576
3 4 297
3 338 880
4 5 290
4 6 324
4 8 574
4 563 292
5 31 899
5 626 385
5 299 139
6 7 341
6 233 578
7 8 713
7 162 698
7 187 280
8 556 893
8 322 406
9 10 196
9 11 345
9 176 774
10 481 406
10 285 374
11 148 169
11 37 513
11 502 343
12 31 709
12 367 702
12 446 844
12 580 941
13 115 88
13 57 697
14 15 916
14 521 647
14 126 975
15 16 733
15 346 581
15 381 907
15 300 267
15 756 211
16 274 109
16 59 755
16 327 905
16 496 176
17 18 106
17 745 104
17 23 9
17 671 954
18 534 768
18 745 971
18 774 22
19 20 408
19 380 691
19 561 941
19 263 541
19 276 551
20 22 92
20 149 752
21 22 540
21 23 834
22 23 160
22 179 688
22 579 575
22 520 580
23 24 222
24 26 669
24 173 164
25 27 27
25 385 609
26 28 286
26 386 589
26 76 617
27 28 491
27 342 838
27 729 674
28 736 679
28 186 839
28 339 230
29 31 264
29 476 604
29 363 813
29 503 129
29 737 824
30 31 550
30 32 768
31 32 222
31 83 982
31 404 465
31 211 345
32 34 704
32 487 763
33 167 732
33 387 14
34 35 399
34 216 557
34 319 310
34 433 765
35 36 290
35 518 676
36 492 500
36 459 771
36 352 785
37 39 545
37 235 697
37 500 837
37 529 607
38 39 740
38 40 757
38 65 235
39 40 589
39 251 480
40 625 976
40 592 976
40 643 356
41 731 547
41 121 559
41 528 123
42 407 653
42 444 853
43 44 770
43 523 128
44 415 899
44 638 547
44 301 189
44 490 269
45 46 543
45 328 400
45 212 320
45 259 86
46 220 751
46 542 812
46 249 792
47 49 811
47 756 400
48 332 61
48 85 110
48 366 844
48 52 946
49 50 329
49 51 990
49 145 761
50 51 398
50 52 191
50 219 862
50 479 88
51 52 725
51 53 886
51 139 503
52 54 805
52 594 504
53 54 944
53 55 73
53 764 299
54 55 907
54 452 992
55 543 848
55 222 471
55 526 922
56 472 777
56 744 5
56 674 32
56 619 701
57 404 747
57 536 597
57 735 764
58 59 519
58 762 332
58 291 324
58 152 882
58 337 632
59 489 210
60 61 559
60 106 164
61 62 517
61 392 19
61 377 800
61 87 765
62 64 993
62 300 184
62 397 154
63 656 749
63 491 895
64 65 441
64 107 588
64 410 334
64 293 725
64 331 328
65 426 864
66 68 827
66 423 550
66 729 925
66 605 398
67 68 995
67 263 916
67 657 779
67 495 322
67 274 362
68 70 745
68 261 658
68 703 634
69 70 503
69 462 87
70 71 329
70 72 963
71 72 754
71 507 461
72 73 752
72 535 873
72 385 426
73 74 544
73 75 385
73 398 570
73 427 399
73 583 631
74 75 118
74 435 993
74 437 867
75 76 89
75 427 910
75 130 294
76 264 254
77 78 122
77 79 641
77 129 360
78 709 158
78 664 875
79 120 365
79 133 885
79 355 32
79 701 217
79 728 2
79 192 971
79 315 983
80 81 283
80 735 372
80 211 210
81 82 57
81 83 369
81 525 726
81 602 558
81 91 242
82 226 947
82 177 503
83 85 817
84 655 515
84 708 702
85 287 904
85 450 565
86 486 240
86 537 670
86 131 888
87 477 136
87 590 690
87 286 849
88 89 653
88 549 914
88 305 17
88 173 606
89 90 141
89 91 619
89 621 699
89 738 934
90 91 43
90 92 21
90 608 838
91 639 412
92 665 474
92 370 127
92 620 780
93 94 608
93 95 397
93 227 621
93 230 398
94 95 764
94 703 248
94 399 257
94 135 67
95 97 6
95 636 164
95 529 104
95 589 677
95 104 583
95 686 738
96 97 269
96 617 163
96 237 416
97 406 381
97 320 925
98 100 399
98 425 741
99 100 867
99 731 793
99 112 25
100 102 935
100 759 259
100 413 394
101 102 957
101 736 723
101 759 830
102 103 617
102 104 130
102 692 897
102 613 639
103 104 728
103 105 98
104 105 862
105 598 957
105 487 882
105 421 83
105 585 579
106 107 776
106 108 200
106 466 366
106 170 326
106 644 501
107 109 731
107 298 72
107 612 268
107 511 783
108 109 534
108 608 866
109 297 264
109 739 85
109 258 235
110 670 488
110 188 619
110 392 730
111 219 575
111 139 434
112 568 582
112 744 609
113 114 631
113 314 531
113 696 957
114 558 487
114 386 978
115 559 566
115 232 557
115 429 867
115 531 308
116 117 216
116 371 692
116 373 468
116 582 949
116 317 849
117 118 894
117 426 804
117 659 965
118 653 478
118 353 471
118 442 290
119 601 436
119 260 307
119 258 573
120 270 307
120 557 173
121 439 260
121 312 306
122 123 429
122 124 129
123 124 702
123 215 569
123 695 405
123 218 387
124 730 652
124 749 122
124 776 24
125 579 743
125 772 648
125 148 840
125 587 902
125 746 659
126 127 534
127 754 486
127 337 800
128 129 48
128 485 3
128 569 393
128 670 23
128 652 442
129 131 983
129 663 363
130 131 511
130 526 309
131 132 549
131 340 50
131 642 876
132 133 407
132 284 545
132 154 765
133 586 39
133 755 133
134 136 131
134 761 669
134 453 749
135 136 664
136 138 528
136 552 522
136 155 594
137 640 796
137 681 733
137 705 594
137 421 85
137 350 586
137 445 729
138 139 318
138 140 127
138 409 256
139 140 437
140 142 916
140 694 348
140 300 515
140 480 839
141 143 742
141 705 942
141 176 349
141 634 668
142 512 390
142 242 804
143 244 638
143 487 946
143 572 628
144 474 225
144 751 228
144 592 265
145 486 414
146 170 370
146 423 433
146 467 84
147 149 892
147 282 567
147 501 967
148 149 938
148 674 204
148 621 80
149 151 467
149 172 330
150 152 804
150 571 731
150 281 329
151 568 390
151 313 458
151 542 715
151 235 75
152 560 306
152 444 120
152 697 752
153 155 848
153 441 689
154 155 627
154 589 413
155 156 47
155 325 866
156 157 794
156 158 629
156 189 249
157 742 131
157 522 575
157 665 394
158 283 450
158 258 225
159 160 801
159 457 722
159 542 549
159 768 782
160 704 190
160 310 309
160 340 749
161 162 485
161 331 536
162 164 109
163 656 187
163 283 619
163 746 335
163 481 336
164 510 451
164 486 268
165 221 75
165 749 229
166 168 178
166 681 176
166 510 570
166 520 629
167 709 97
167 610 721
168 169 532
168 525 315
169 170 525
169 483 852
169 200 24
170 171 482
170 676 607
171 173 746
171 240 444
171 628 850
172 260 291
172 544 912
172 512 545
173 326 769
174 176 124
174 610 109
175 478 636
175 710 235
175 662 314
175 743 437
177 178 130
177 179 517
177 485 507
178 257 808
178 753 633
178 474 134
178 478 204
179 465 175
180 578 982
180 765 846
180 231 494
180 308 686
181 357 341
181 697 124
181 474 163
181 493 116
182 268 946
182 735 427
183 184 267
183 516 951
184 404 929
184 252 206
184 771 887
185 186 216
185 197 963
185 306 609
185 684 403
186 511 701
187 188 471
187 189 862
187 499 916
187 651 141
188 594 533
188 407 266
189 190 479
189 491 210
189 606 430
189 687 696
189 712 727
190 191 411
190 192 533
191 192 171
191 434 162
191 601 867
192 193 560
192 477 576
193 195 169
193 420 612
193 732 600
194 195 743
194 196 413
194 394 78
194 464 333
194 575 499
195 474 461
195 571 975
196 197 435
196 198 946
197 261 127
197 400 981
198 497 414
198 452 969
198 731 714
199 586 292
199 686 87
199 250 782
199 252 2
200 201 605
200 202 773
200 551 208
200 724 868
201 202 614
201 322 584
202 203 266
202 468 43
202 585 190
202 723 757
202 440 708
203 204 290
203 481 645
204 562 240
204 560 458
205 207 914
205 447 80
206 208 196
206 710 294
206 766 14
207 208 560
207 209 762
208 209 345
208 210 365
208 403 587
209 210 755
209 292 794
210 211 10
210 441 361
210 566 463
211 461 911
212 654 549
212 315 450
213 590 413
213 638 611
214 216 964
214 677 640
215 217 136
215 335 336
215 240 27
216 329 264
217 219 655
217 513 758
217 347 900
218 583 206
218 722 156
219 221 643
220 464 825
220 639 785
220 333 451
221 302 190
221 326 17
222 223 25
222 423 936
222 584 872
222 717 339
223 225 401
223 764 245
224 225 780
224 226 665
224 370 457
225 226 532
225 227 671
225 746 389
226 227 934
226 228 372
227 454 363
227 346 661
227 256 696
227 562 391
228 229 921
228 230 115
228 439 208
228 770 422
229 391 543
229 292 236
229 620 429
230 231 674
230 770 288
231 533 89
231 770 755
231 411 929
232 234 430
232 654 860
232 679 595
233 235 633
233 742 686
234 444 518
234 289 878
234 358 20
235 384 204
235 361 740
235 646 467
235 714 171
236 238 34
236 320 700
236 506 98
237 238 316
238 553 112
238 508 574
239 240 302
239 724 34
240 630 427
241 314 50
241 553 231
241 557 639
242 244 14
242 416 214
243 582 182
243 554 184
243 367 671
243 266 406
244 246 806
244 528 713
244 405 324
245 246 149
245 247 939
245 647 319
246 612 457
246 430 251
247 694 279
247 650 979
248 495 467
248 507 445
249 577 721
249 375 26
250 768 205
251 252 762
251 253 361
252 253 412
253 254 5
253 344 700
253 427 484
253 288 409
254 256 614
254 364 902
254 306 762
255 256 854
255 257 601
255 500 161
255 367 237
256 402 328
257 441 656
257 358 830
258 666 177
258 459 939
258 506 377
259 260 695
259 453 170
260 261 308
260 262 281
261 262 482
261 513 829
261 588 790
262 729 84
262 526 442
263 265 188
264 265 640
264 266 788
265 267 804
265 490 260
265 513 859
266 321 146
267 358 888
267 309 94
267 773 252
268 269 717
268 470 847
269 270 952
269 705 260
269 309 137
269 389 245
269 498 927
269 550 706
270 283 840
270 482 223
271 272 658
271 273 638
271 728 329
272 273 936
272 512 419
273 274 277
273 534 298
273 306 468
274 282 318
275 391 461
275 510 526
275 494 283
275 661 256
276 594 632
277 279 55
277 414 878
277 278 637
278 279 866
278 479 883
279 366 72
279 545 878
279 633 281
279 681 111
279 691 856
280 282 303
280 540 719
281 283 65
282 283 159
282 284 251
283 285 736
283 507 931
283 722 604
284 308 710
284 547 817
285 286 789
285 287 609
285 472 493
285 590 684
285 624 576
286 287 703
287 289 26
287 360 851
288 549 103
288 532 108
289 291 626
289 305 399
289 393 949
290 291 375
290 292 116
291 293 509
291 641 540
292 294 120
292 400 793
292 396 535
293 294 680
294 295 923
294 408 520
294 393 599
295 296 849
295 740 237
295 478 482
295 357 186
295 412 253
296 297 163
296 372 510
297 298 631
297 299 153
297 598 711
298 475 48
299 300 217
299 460 973
300 302 102
301 303 7
301 627 493
301 462 460
301 628 956
302 303 685
302 598 4
303 305 35
303 650 931
303 720 984
304 305 598
304 306 849
304 636 530
305 307 164
306 308 293
306 555 476
307 743 371
307 626 975
308 309 937
309 415 759
309 560 658
310 312 394
310 437 705
311 312 376
311 313 525
311 356 49
312 313 326
312 606 737
313 315 607
313 771 189
314 388 916
314 699 754
314 581 244
315 316 442
315 627 587
315 390 666
316 317 52
316 523 617
316 436 561
317 318 618
317 456 739
317 617 24
317 765 329
318 319 464
318 584 247
318 546 962
319 320 839
319 321 722
320 383 201
320 629 542
321 323 974
321 513 96
321 437 258
322 324 104
322 548 670
322 603 76
323 325 730
323 503 899
324 326 702
324 528 62
324 623 862
324 359 332
324 611 38
324 675 719
325 326 273
325 387 499
325 759 871
326 328 137
326 526 341
327 659 387
327 590 357
328 330 536
328 433 110
329 330 586
329 679 240
330 331 405
330 500 72
331 692 397
331 558 123
331 778 294
332 333 990
332 334 171
333 335 459
333 577 553
333 775 949
334 423 63
334 389 83
334 443 218
335 337 674
335 651 330
336 338 310
336 770 258
337 555 953
338 340 773
338 634 717
339 340 437
339 341 415
339 716 563
339 752 326
339 473 797
341 343 70
341 630 870
341 767 696
342 663 222
342 364 410
342 723 921
343 616 74
343 555 738
343 526 665
344 346 552
344 391 733
344 508 396
344 589 8
345 346 648
345 372 994
345 542 570
346 348 486
346 678 744
347 779 77
348 349 622
348 350 792
349 350 833
349 351 786
350 438 906
351 352 120
351 404 747
351 537 277
351 610 402
352 353 378
352 446 387
352 368 276
352 595 241
353 355 272
353 420 692
354 355 142
354 356 112
354 438 676
355 669 207
355 731 836
355 422 860
356 726 663
356 588 777
357 701 424
358 407 496
358 456 19
359 360 436
359 722 479
360 361 841
360 503 471
360 620 716
360 377 112
361 483 106
362 363 618
362 364 914
362 728 25
363 364 870
363 676 832
364 366 311
364 414 228
365 366 361
365 367 627
365 591 454
365 734 710
366 368 623
367 368 783
367 644 357
367 773 431
367 447 574
368 370 840
368 464 425
369 370 273
369 645 73
370 576 295
371 396 370
371 528 483
372 765 19
372 582 203
373 687 181
374 387 36
374 410 779
374 697 851
375 485 993
375 431 706
376 377 790
376 378 421
377 774 1
378 379 913
378 551 684
379 380 318
379 488 384
379 604 470
380 382 671
380 504 327
381 383 989
381 403 354
382 383 887
382 384 749
383 384 689
383 385 682
383 660 899
384 385 596
384 386 443
385 433 885
385 759 238
385 425 593
385 658 31
386 388 229
386 640 853
386 745 614
387 389 739
387 564 670
388 659 603
388 693 39
388 391 817
389 592 287
390 391 701
390 723 161
392 394 944
392 423 941
394 395 363
395 396 998
395 471 571
395 476 122
396 397 170
396 682 184
397 508 572
398 543 429
399 532 957
399 505 855
399 544 539
399 698 660
400 762 671
400 663 743
401 402 183
401 403 992
402 403 373
402 648 2
404 645 360
404 463 482
405 407 690
406 407 732
406 408 664
407 408 897
407 409 658
407 659 132
408 717 671
408 418 271
409 451 278
410 547 64
411 412 299
411 604 952
412 413 397
413 755 167
414 416 395
415 417 289
416 417 420
416 635 86
416 585 63
417 418 350
417 419 10
418 419 119
418 420 11
418 681 809
419 420 559
419 712 968
419 437 28
420 421 829
421 422 185
421 553 437
421 642 372
422 423 919
422 424 550
423 706 350
424 649 626
424 493 146
425 426 217
426 548 69
426 662 873
426 656 273
427 429 894
427 465 339
428 429 125
428 430 918
429 430 632
429 769 500
430 432 26
430 496 433
431 432 276
431 491 556
432 433 968
432 434 240
432 577 709
433 653 246
434 640 331
435 437 871
436 486 758
436 774 242
437 452 610
438 771 216
439 737 72
440 441 226
440 442 3
441 443 170
442 443 769
442 685 274
442 605 568
442 683 493
443 501 365
443 494 777
443 626 654
444 591 864
445 778 618
445 768 851
447 448 851
448 577 516
448 646 463
449 450 639
449 451 689
450 451 404
450 452 976
451 452 353
451 453 627
451 543 454
451 687 757
452 454 576
453 527 207
454 456 942
455 654 455
455 535 945
456 472 406
457 459 492
458 662 410
458 613 425
458 690 855
460 461 283
460 550 754
461 462 993
461 463 312
462 467 299
462 487 547
463 464 501
463 671 9
463 656 903
464 509 470
464 471 936
465 466 931
466 769 197
467 468 654
467 667 520
468 470 428
469 471 575
469 483 164
470 471 109
470 709 824
470 567 891
471 709 735
471 524 553
472 474 971
472 737 600
473 474 90
473 680 238
474 475 43
475 717 409
475 640 529
476 477 53
477 478 202
478 621 390
478 625 851
478 702 258
479 648 137
480 482 592
481 482 722
481 777 735
482 483 797
482 741 153
483 755 905
484 719 950
484 604 231
484 774 985
485 649 599
486 488 196
488 689 626
488 602 937
489 779 435
489 742 999
490 636 874
492 493 329
492 494 619
492 597 258
493 494 964
494 628 6
495 497 472
495 701 67
496 497 309
497 498 29
497 499 341
498 499 444
499 500 366
500 579 164
501 713 45
502 503 97
502 715 852
503 505 394
504 505 823
504 654 976
504 581 155
505 744 707
505 508 880
505 535 293
507 546 211
508 521 334
508 569 243
509 510 75
509 511 712
510 698 553
511 512 773
511 587 936
512 513 857
512 514 898
513 515 723
513 514 697
513 607 3
514 529 257
514 758 862
515 578 197
515 637 268
515 654 899
515 755 679
516 517 883
516 518 341
517 519 367
517 532 571
518 568 169
519 769 249
519 597 498
520 541 182
521 522 371
521 760 88
522 524 188
523 525 501
523 718 659
524 699 861
525 680 701
527 528 746
527 724 4
527 733 349
528 589 41
529 665 262
530 531 387
530 532 540
531 680 3
532 547 55
533 534 113
533 535 856
534 536 415
535 616 567
535 736 490
536 538 793
536 609 356
537 778 550
537 567 278
538 540 220
538 541 512
538 570 939
539 541 573
539 661 135
540 541 34
540 542 51
541 543 185
542 551 380
542 689 578
543 547 897
544 642 173
545 547 999
546 548 435
546 615 799
546 571 581
547 548 291
549 702 594
549 571 630
550 603 3
550 593 970
551 553 53
551 733 437
552 554 18
552 751 28
552 622 338
553 555 361
554 556 29
555 688 920
556 557 620
556 601 962
556 568 178
557 558 878
558 559 756
558 718 572
559 561 366
559 597 330
559 655 425
559 727 54
559 762 745
560 747 560
561 563 198
562 629 916
563 564 114
564 646 147
564 701 963
565 566 383
565 567 760
566 567 639
566 568 105
567 701 498
567 662 603
568 569 366
569 673 541
570 704 303
572 573 331
573 574 211
573 575 508
574 575 885
574 725 795
575 576 840
576 577 841
576 754 349
577 579 802
578 579 510
578 580 922
579 746 24
580 581 685
581 743 354
581 652 146
581 726 615
582 713 508
582 597 692
583 734 876
584 603 184
584 690 641
586 588 147
588 604 755
588 699 794
589 719 160
591 628 468
593 763 37
594 596 425
595 596 526
596 598 394
596 697 489
598 599 746
599 601 99
599 665 887
600 601 935
600 615 280
601 602 822
601 726 56
602 603 247
605 606 505
606 742 755
607 769 497
608 609 360
609 610 142
609 611 98
610 611 908
610 759 691
611 612 795
611 619 886
612 614 196
612 708 637
612 751 197
614 615 926
614 616 193
615 616 81
615 617 854
616 617 287
617 618 489
617 619 585
617 692 271
618 619 571
618 620 669
621 718 139
622 623 696
622 637 336
623 625 722
624 625 845
625 627 995
627 629 504
628 761 30
629 630 516
629 672 84
629 659 907
630 631 492
630 632 300
631 633 316
631 662 199
632 634 213
632 772 460
632 683 768
632 767 203
633 635 845
634 635 940
635 637 508
636 637 196
637 638 897
637 717 86
638 640 680
638 730 341
639 641 28
640 641 38
640 642 138
640 741 504
641 643 550
641 754 48
642 775 181
643 644 655
645 647 397
646 647 868
647 649 292
648 649 96
649 651 868
649 738 484
649 748 554
650 651 565
650 652 681
652 700 749
652 691 331
652 742 148
653 654 621
655 747 229
656 657 472
657 687 530
658 659 127
659 660 735
659 734 11
660 662 72
661 662 333
663 705 432
664 665 361
664 666 107
665 666 261
666 667 956
666 668 277
667 668 247
668 669 568
668 756 20
669 671 592
670 672 139
671 672 477
672 674 772
672 774 381
673 675 779
674 743 917
675 676 256
676 698 664
677 679 592
677 697 91
678 679 748
679 680 623
680 682 500
682 728 690
684 685 544
685 687 179
686 687 988
688 690 883
688 693 399
689 747 886
690 691 443
691 692 250
693 694 723
694 696 49
694 721 577
695 697 661
696 697 653
697 698 159
700 702 752
702 703 669
704 705 329
704 706 598
704 725 593
705 714 310
706 707 271
706 708 575
707 708 58
707 709 713
708 710 260
709 710 88
709 711 256
710 712 562
711 712 622
711 766 733
713 715 906
715 716 178
715 771 392
716 718 840
719 720 615
719 741 85
720 722 902
721 722 991
721 723 528
724 769 965
725 727 819
726 728 302
727 728 830
728 772 39
730 731 839
731 733 324
732 734 775
736 737 298
739 774 650
740 742 774
740 776 57
743 744 700
747 748 369
748 750 265
749 751 319
750 751 404
750 752 431
751 775 759
752 754 426
753 755 411
754 755 428
755 756 933
756 757 841
757 758 488
757 759 141
758 759 753
760 775 36
761 763 387
763 764 262
763 765 799
763 779 265
764 766 399
766 768 405
773 775 66
776 778 938
777 779 324