0 118 852
0 21 120
0 112 79
0 65 613
0 5 360
0 77 275
1 119 101
1 117 989
1 34 335
1 116 415
1 47 244
2 4 133
2 28 478
2 107 18
3 4 920
3 59 519
3 12 37
3 23 176
4 5 688
4 6 865
4 28 600
4 82 765
5 6 632
5 8 76
6 64 101
6 82 193
7 111 436
7 15 759
8 88 454
8 29 224
8 102 373
9 11 482
9 24 88
9 73 524
10 12 5
10 107 327
10 19 577
10 78 125
10 31 882
10 97 808
11 12 199
11 112 619
11 22 209
11 27 290
12 13 145
12 41 991
12 43 19
13 14 398
13 38 132
13 61 895
13 111 309
14 52 477
14 91 63
15 71 498
15 24 547
15 55 156
15 25 575
16 68 415
16 108 336
16 99 194
17 19 472
17 110 224
17 93 224
17 114 324
17 40 749
17 44 587
18 69 587
18 83 628
18 25 161
18 82 349
19 47 527
19 58 307
19 78 797
19 68 932
20 22 71
20 80 238
20 110 329
21 22 54
21 80 559
22 23 579
23 99 235
24 26 997
24 59 621
24 74 723
25 26 27
25 107 332
25 42 491
26 27 405
26 28 115
27 115 917
28 118 943
29 30 49
29 31 724
30 31 533
30 32 164
31 32 914
31 36 906
31 53 43
31 80 511
32 33 249
32 106 261
32 41 909
33 113 753
33 60 897
34 36 960
35 64 499
35 117 450
35 86 262
36 38 52
36 76 531
36 100 557
37 38 383
37 39 72
38 70 641
39 40 731
39 41 704
40 41 833
40 89 55
41 62 36
41 43 138
41 79 484
42 43 996
42 66 818
43 88 640
43 106 151
43 114 268
44 45 42
44 52 567
45 46 303
45 47 540
46 47 203
46 68 875
46 85 737
47 110 322
48 49 955
48 50 90
48 87 428
49 50 139
49 51 751
50 52 493
50 79 481
50 117 974
51 53 597
51 71 430
51 111 164
52 87 368
52 62 335
52 105 215
53 85 708
53 83 588
54 56 93
54 88 772
55 57 787
55 70 831
56 106 738
56 91 228
56 93 615
57 75 219
57 71 262
58 60 16
58 119 129
60 62 953
60 101 52
60 69 808
61 62 874
61 89 964
61 77 932
62 81 344
63 64 424
63 65 553
64 91 178
64 69 922
65 66 560
65 67 440
65 100 610
66 87 36
67 68 829
67 69 835
68 109 22
68 98 963
69 99 298
69 91 524
70 72 293
71 73 190
71 108 978
71 90 554
72 74 905
72 83 726
72 75 13
72 90 187
73 75 210
73 92 123
74 85 101
75 86 579
76 77 670
77 78 949
78 80 683
79 80 266
80 82 858
80 85 199
81 83 343
83 84 240
84 85 516
84 102 285
86 87 704
86 109 907
86 117 641
87 119 265
88 90 964
92 93 737
92 99 815
93 95 915
94 96 684
94 107 618
94 112 601
95 97 17
95 108 694
96 97 325
96 98 382
97 110 951
98 115 333
99 100 749
101 103 569
101 111 376
102 103 227
103 104 370
103 105 19
104 106 127
104 107 963
105 106 165
106 107 449
108 110 24
109 110 5
110 112 319
110 113 951
113 114 65
115 116 551
115 117 945
116 118 174
118 119 965