0 160 12
0 8 865
0 276 324
1 2 256
1 3 522
1 177 986
1 37 736
2 11 811
2 40 275
3 280 868
3 246 768
4 293 515
4 151 806
4 146 553
5 7 686
5 13 149
6 8 922
6 81 85
6 303 149
7 240 387
7 296 614
7 162 340
7 60 707
7 124 172
8 10 656
8 315 442
9 10 70
9 313 226
9 240 311
9 257 408
10 11 214
10 58 31
11 328 700
11 148 902
11 37 471
11 34 945
11 117 303
12 13 507
12 262 288
13 135 142
13 45 27
13 68 566
13 187 440
13 290 852
13 77 606
13 184 484
14 91 690
14 182 526
14 107 105
15 155 664
15 102 526
15 28 958
15 87 648
16 18 366
16 142 641
16 317 963
17 321 474
17 265 710
17 284 146
18 34 430
18 35 744
18 275 777
19 207 213
19 140 160
19 224 860
20 22 847
20 60 148
20 109 199
20 236 235
20 70 364
21 22 376
21 186 570
21 244 646
21 274 476
22 23 70
22 24 60
23 227 701
23 197 55
24 25 974
24 339 711
24 77 356
25 29 589
25 44 944
25 288 870
25 281 47
26 27 175
26 157 177
26 257 230
27 29 464
27 323 56
27 258 301
28 29 443
28 87 843
28 271 342
28 338 624
28 130 735
29 31 843
29 164 22
29 195 132
30 31 395
30 32 30
30 179 304
30 97 149
31 32 143
31 129 175
32 242 489
32 238 878
32 74 734
32 160 642
33 42 179
33 71 794
33 259 463
34 35 886
35 37 549
35 219 433
35 322 653
36 38 313
36 327 160
36 170 882
36 248 998
37 225 420
37 229 111
38 216 774
38 256 343
38 217 706
39 40 200
39 324 679
39 211 11
39 175 320
40 157 526
40 104 873
40 263 274
41 42 439
41 80 909
41 285 607
41 300 646
42 149 589
42 245 537
42 134 682
43 45 692
43 300 196
44 93 339
45 246 409
45 229 167
45 181 158
46 47 120
46 194 564
46 108 259
46 165 384
47 289 438
47 149 548
47 305 24
48 49 641
48 50 897
49 50 202
49 250 670
49 288 647
49 287 310
50 52 862
50 281 383
50 155 350
51 53 456
51 299 381
52 54 15
52 249 891
52 222 377
53 63 266
53 167 460
53 244 490
54 287 34
54 320 649
55 57 195
55 262 524
55 276 484
56 57 114
56 124 135
56 62 899
56 72 691
57 58 929
57 116 992
57 199 124
57 325 120
58 60 596
58 247 633
58 232 686
59 265 782
59 156 612
59 242 986
59 259 788
60 139 772
60 258 950
60 323 390
60 182 438
61 74 345
61 234 145
61 176 481
62 63 303
62 244 730
62 115 557
63 311 22
63 101 937
63 216 335
63 294 821
64 65 187
64 187 619
65 119 393
65 311 323
66 68 743
66 156 911
67 329 987
67 233 677
67 194 940
68 307 52
69 70 476
69 71 665
70 319 205
70 283 154
70 135 886
70 180 41
70 261 178
71 245 887
71 147 486
72 201 241
72 75 349
73 129 31
73 199 203
73 279 921
73 307 847
74 187 28
74 296 915
75 79 227
75 198 135
75 166 774
76 124 392
76 219 180
76 190 880
77 312 281
78 157 406
78 165 357
78 337 192
78 80 653
78 161 900
79 238 486
79 150 514
79 149 724
80 318 184
81 82 311
81 83 990
81 239 199
81 202 682
81 255 465
82 94 176
82 293 894
83 170 420
83 269 64
84 85 476
84 207 414
84 140 599
85 233 278
85 203 595
85 245 544
86 87 302
86 88 493
86 154 585
87 306 565
88 318 873
88 203 150
89 91 361
89 294 365
89 267 322
90 185 164
90 259 999
91 224 465
91 152 959
91 95 751
92 94 23
92 193 843
92 136 994
93 94 937
93 322 331
93 108 308
94 95 912
94 204 982
95 96 713
95 263 195
95 161 967
95 337 917
96 210 762
96 169 699
96 337 429
97 304 987
97 260 452
98 309 952
98 301 856
99 100 912
99 298 809
99 122 772
100 101 801
100 102 97
101 147 632
102 103 147
102 104 826
102 335 667
102 230 163
102 239 459
103 104 771
103 134 785
103 147 810
103 226 364
103 190 314
104 256 448
104 312 866
105 107 695
105 298 100
106 315 66
106 275 9
107 108 756
107 109 236
108 138 297
108 156 984
109 112 972
109 305 34
110 296 210
110 302 341
110 126 92
111 160 34
111 311 554
111 114 71
111 216 208
112 113 273
112 114 891
112 193 10
113 114 802
113 133 742
114 274 332
114 299 2
114 290 730
115 116 551
116 118 140
116 332 335
117 175 125
118 120 949
118 336 16
119 120 193
119 121 999
119 223 438
119 280 647
120 121 870
120 122 179
120 262 145
121 243 589
121 209 537
121 334 552
121 286 361
122 123 599
123 283 543
123 153 820
123 221 66
124 125 495
125 126 991
125 202 552
125 319 398
126 241 609
126 172 936
126 178 199
126 292 594
127 157 703
127 140 588
127 324 722
128 130 627
128 310 362
129 130 336
129 131 416
130 131 920
130 314 396
131 132 2
131 211 220
132 133 689
132 134 185
133 134 950
133 317 964
133 250 766
134 311 16
135 296 431
135 230 117
136 200 745
137 138 862
137 168 182
138 206 497
138 278 707
139 140 992
139 304 915
140 300 935
140 327 158
140 309 257
141 257 543
141 170 424
141 298 612
141 321 381
142 143 389
142 144 152
142 329 623
143 144 168
143 230 592
144 146 767
144 198 734
145 147 298
145 247 203
146 147 563
146 205 601
147 149 62
147 218 384
147 273 720
148 150 144
149 158 921
150 218 53
150 226 831
151 272 95
151 172 181
152 253 760
153 155 840
153 277 543
153 291 55
154 180 986
155 156 911
156 177 783
157 159 315
157 210 898
158 202 234
158 163 641
159 160 149
159 161 479
160 161 183
161 181 11
162 164 347
162 316 775
163 328 810
164 165 79
164 166 552
166 167 31
166 168 817
167 168 693
167 299 685
167 330 188
168 274 749
168 196 243
168 204 706
168 205 491
168 273 726
169 335 519
169 334 684
170 172 230
170 211 780
170 285 572
171 172 270
171 315 833
172 330 390
173 174 935
173 175 745
174 176 349
174 199 116
175 176 669
176 178 920
176 271 726
176 201 756
178 179 550
179 238 900
179 328 336
180 257 717
181 182 123
182 316 291
183 185 153
183 331 767
183 336 766
184 185 353
184 253 22
185 187 848
185 267 401
185 327 779
186 188 675
187 189 560
187 197 94
188 189 665
188 202 233
188 275 648
189 191 817
189 322 711
189 228 864
190 191 219
190 257 295
191 192 27
191 193 541
191 298 420
192 211 902
192 223 490
193 194 589
194 195 656
194 270 69
194 210 929
195 258 485
196 198 621
197 199 55
197 227 826
197 292 473
198 305 893
198 246 619
199 228 944
199 254 405
200 202 32
200 205 571
201 257 378
201 218 851
201 247 539
201 281 7
202 203 605
202 315 50
203 280 98
204 255 946
204 295 228
205 224 344
206 231 349
206 334 793
206 325 692
207 208 828
207 209 341
207 275 455
208 209 860
208 210 574
209 211 594
210 254 511
210 256 213
210 314 416
211 314 424
211 266 137
212 213 122
212 214 73
213 215 880
213 255 831
213 242 100
214 215 540
214 306 539
214 238 891
215 216 161
215 262 134
216 236 499
217 285 370
217 265 118
217 272 458
219 221 895
219 234 593
220 308 339
220 268 775
220 254 196
220 251 337
221 222 768
221 321 224
222 265 358
222 237 680
222 335 242
223 225 730
224 225 36
225 226 455
225 227 858
225 235 6
226 228 738
227 315 202
229 255 726
229 280 991
231 232 682
231 326 11
231 283 138
232 318 32
233 235 319
233 311 599
235 314 642
236 326 630
237 322 894
240 292 553
240 279 278
241 329 957
241 283 839
243 244 842
243 295 687
245 281 783
246 248 839
247 248 415
247 280 196
248 250 847
249 250 667
249 251 752
251 252 196
252 253 903
252 254 831
252 317 410
253 295 990
253 306 384
254 256 714
254 270 153
255 307 491
256 257 480
257 301 287
257 333 649
257 270 153
258 268 78
258 283 465
259 260 268
259 261 783
260 262 394
261 262 491
261 269 422
262 263 954
264 265 394
264 266 469
264 318 618
265 267 407
266 267 576
267 269 802
267 330 154
267 272 575
267 273 499
269 270 960
271 273 552
271 277 392
272 323 377
273 289 659
274 275 55
276 277 677
278 279 968
278 280 525
278 338 233
281 282 802
282 283 669
282 284 527
284 285 727
285 286 900
286 287 316
287 288 948
288 290 374
289 339 782
290 291 344
291 292 513
291 293 429
293 294 989
294 295 224
294 296 896
295 298 665
297 298 587
297 299 420
299 301 680
301 303 719
301 313 733
302 304 839
303 305 74
304 305 927
304 306 984
308 310 225
308 327 56
309 310 73
309 339 64
310 311 617
310 312 862
311 331 469
312 313 472
312 314 951
312 321 130
313 314 874
313 320 172
316 318 43
319 320 269
320 321 336
324 326 202
325 326 974
325 327 712
328 329 856
328 331 705
329 331 781
332 333 35
333 335 353
336 338 957
337 338 73