0 1 759
0 999 530
0 52 210
1 999 711
1 958 895
1 853 814
1 377 324
2 512 859
2 373 385
3 4 231
3 371 222
4 493 463
4 784 123
5 6 535
5 663 572
5 29 526
6 7 953
6 667 901
7 8 971
7 9 635
7 36 233
8 9 527
8 776 654
8 728 455
9 856 154
9 15 685
9 485 429
10 11 688
10 583 923
10 535 744
11 13 449
11 783 895
11 994 392
11 169 174
12 13 94
12 191 288
12 431 657
13 15 588
13 350 939
13 820 828
13 841 31
14 84 729
14 713 302
14 131 259
15 652 551
15 760 605
15 601 124
16 17 787
16 509 124
17 59 222
17 170 885
17 895 596
17 428 580
18 19 279
18 119 489
18 617 906
18 993 607
19 334 197
19 45 168
20 24 318
20 921 90
20 229 764
20 539 206
21 219 891
21 727 514
22 824 681
22 340 483
23 24 211
23 25 882
23 460 722
24 889 814
24 46 179
24 285 747
25 420 214
25 680 466
25 654 639
25 905 755
26 27 695
26 28 949
26 649 122
27 28 978
27 167 45
27 622 787
27 239 520
27 916 300
28 29 667
28 616 254
28 376 635
28 673 640
29 30 347
29 115 935
30 32 149
30 297 717
30 62 210
31 32 622
31 867 979
31 306 221
32 33 251
32 34 484
33 787 743
33 972 802
33 978 713
33 395 879
34 35 846
34 462 332
34 506 815
34 642 25
34 198 79
34 292 264
35 37 164
35 793 860
36 38 984
37 39 792
37 851 563
37 401 174
37 446 622
38 40 72
38 776 553
38 239 527
39 742 385
39 935 620
39 867 134
40 41 699
40 500 506
41 89 200
41 519 713
42 44 602
42 409 765
42 648 821
43 868 602
43 846 901
43 736 937
44 46 52
44 629 907
44 481 325
45 47 795
45 358 975
45 459 456
45 522 257
46 603 680
47 48 344
47 237 426
47 507 879
47 414 694
47 270 691
47 684 826
48 50 355
48 57 577
48 67 508
49 50 149
49 51 430
50 52 739
50 373 700
50 321 47
51 52 535
51 528 909
51 66 374
52 53 679
52 54 918
52 213 289
52 600 966
53 453 885
53 512 231
54 55 974
54 615 631
55 57 146
55 175 317
55 732 545
55 87 183
56 57 401
56 951 257
56 814 648
57 684 788
57 571 719
57 878 267
58 59 214
58 60 439
59 60 650
59 436 758
59 262 12
59 220 338
60 633 925
60 783 59
60 299 986
60 770 919
61 62 792
61 63 494
61 236 548
62 274 861
62 939 618
62 983 810
63 833 1
63 166 134
63 413 800
63 733 247
64 65 350
64 953 156
65 66 884
65 67 87
66 68 874
66 936 691
66 155 495
67 142 487
68 70 996
68 837 971
68 701 527
69 372 509
69 615 488
69 786 267
69 189 389
70 72 877
70 356 926
70 538 819
70 433 531
70 926 60
71 357 131
71 829 867
72 73 404
72 187 196
72 269 167
72 271 58
72 367 610
72 951 688
73 75 30
73 114 414
74 75 299
74 718 788
74 381 554
74 95 146
74 336 997
75 77 754
75 119 42
75 149 285
76 953 304
76 818 889
76 851 491
77 975 39
77 347 973
77 667 567
78 430 467
78 436 44
79 80 769
79 89 65
79 161 972
79 772 195
79 340 844
79 541 394
80 663 669
80 355 956
81 326 24
81 778 825
81 816 75
82 465 240
82 427 223
83 85 482
83 332 70
83 144 818
83 678 525
83 267 536
83 355 456
83 791 13
84 146 38
84 659 24
84 602 2
85 587 129
85 791 847
86 485 225
86 663 199
86 609 839
87 88 873
87 283 101
88 89 175
88 672 600
88 747 2
88 943 31
88 258 913
89 91 707
89 497 433
90 223 755
90 657 256
91 885 144
91 571 536
92 93 375
92 94 783
92 183 743
92 192 374
93 817 476
93 285 4
94 96 283
94 556 658
94 358 393
94 765 655
95 835 512
95 507 38
96 97 95
96 968 817
96 290 868
97 99 559
97 953 155
97 980 750
97 168 476
97 238 714
97 296 604
98 99 550
98 100 813
98 289 891
99 100 520
99 101 761
100 101 633
100 102 61
101 102 34
101 124 453
101 986 862
101 148 164
101 545 953
101 855 353
102 103 665
102 965 172
103 105 304
103 964 648
103 808 65
104 105 388
104 639 422
104 254 968
105 107 115
105 890 518
106 108 120
106 521 650
106 856 45
107 851 204
107 514 694
108 579 791
108 401 23
109 581 228
109 455 969
109 165 589
109 557 511
109 700 938
110 741 807
110 162 143
110 767 128
111 112 99
111 319 245
111 679 16
112 114 903
112 816 158
112 847 517
112 867 920
113 172 885
113 191 684
113 254 745
113 641 725
113 464 932
114 176 502
114 627 128
114 911 609
114 698 304
115 538 279
116 117 528
116 118 125
116 134 808
116 657 294
117 118 169
117 299 946
117 882 335
117 666 157
117 772 644
118 120 84
118 799 484
118 295 95
118 897 917
118 197 461
118 793 101
119 791 350
120 657 954
120 645 659
120 143 496
120 524 502
121 122 777
121 123 255
122 611 501
122 370 112
122 980 896
123 124 452
123 626 968
123 702 139
123 608 269
124 126 484
124 159 71
125 438 968
125 579 488
125 259 4
125 725 392
126 127 17
126 630 272
126 498 834
127 128 271
127 129 247
127 958 3
128 130 924
128 826 747
129 130 947
129 131 788
130 462 20
130 633 473
130 814 562
131 132 41
131 133 861
132 133 762
132 357 677
133 135 529
133 363 812
134 136 559
134 492 782
134 194 432
134 829 972
135 813 374
135 225 282
135 403 919
135 872 120
136 137 857
136 482 645
137 138 484
137 139 665
137 245 791
137 877 769
137 912 537
138 139 994
138 813 225
139 140 732
139 141 457
140 958 247
140 366 517
140 597 877
141 142 112
141 143 349
141 883 809
142 144 535
142 839 646
143 144 483
143 758 257
143 454 614
143 899 264
144 146 846
145 146 766
145 147 355
145 537 202
145 659 360
146 148 769
146 396 172
146 328 126
147 419 973
147 547 755
147 323 14
147 577 137
148 149 26
148 537 449
149 552 364
150 152 765
150 969 270
150 730 982
151 152 736
151 448 582
151 309 251
152 153 248
152 767 550
153 669 405
153 753 566
153 230 528
153 255 228
154 836 782
154 244 711
155 156 86
156 157 86
156 158 463
156 640 342
157 159 377
157 574 343
158 159 661
158 240 386
158 505 474
158 176 911
158 877 672
159 493 811
159 509 489
160 162 558
160 813 556
160 690 435
161 163 560
161 196 181
162 163 584
162 674 91
162 527 863
162 798 234
162 804 606
163 164 780
163 309 728
163 611 997
164 165 21
164 166 564
164 493 381
165 167 489
165 239 742
166 167 658
166 812 152
167 169 979
168 633 880
169 287 451
169 720 616
169 251 820
170 803 219
170 743 76
171 172 315
171 534 350
171 839 94
171 860 346
171 432 235
172 174 451
172 535 439
173 940 444
173 561 544
173 415 394
174 175 673
174 201 436
174 612 938
175 177 777
175 854 288
176 177 987
176 537 919
177 179 264
177 910 936
177 655 256
178 744 205
178 924 287
178 346 852
178 552 530
178 910 737
179 779 591
179 337 250
180 182 913
180 636 181
180 928 840
181 966 436
181 799 751
182 183 274
182 812 829
183 184 909
184 186 141
184 801 393
184 804 833
185 187 24
185 633 129
185 234 489
185 540 416
186 187 148
186 188 556
186 956 817
187 794 365
188 189 140
188 194 382
188 955 387
188 193 77
189 190 489
189 613 56
189 672 411
190 192 986
190 234 7
190 964 755
191 193 402
192 789 297
192 644 52
192 202 366
192 649 489
193 904 197
193 229 601
193 592 121
193 618 896
193 729 263
194 470 979
195 197 743
195 392 316
196 367 528
197 554 485
197 630 392
197 864 457
198 779 244
198 703 36
199 201 157
199 984 88
200 202 821
200 951 331
201 276 472
201 311 834
201 476 538
201 954 875
202 203 706
202 911 459
203 204 978
203 936 32
204 205 52
204 206 629
204 323 169
204 823 734
204 222 190
205 655 964
205 709 700
206 257 522
206 869 297
207 679 883
207 262 418
207 388 128
207 715 334
207 779 740
207 979 379
208 460 193
208 915 638
209 777 400
209 409 487
209 913 415
210 212 695
210 360 816
210 266 232
210 365 261
210 655 272
211 321 762
211 437 574
211 838 38
212 920 739
212 834 199
213 215 366
213 801 145
213 632 640
214 216 110
214 919 556
215 976 953
215 914 489
216 850 532
216 632 535
216 964 993
217 218 679
217 741 438
217 745 460
218 219 836
218 220 898
218 887 317
218 987 460
218 890 986
219 221 687
219 316 442
219 622 740
220 221 756
221 223 901
221 399 239
222 680 803
222 905 132
223 367 630
223 946 831
224 775 310
224 426 339
224 470 338
224 466 77
225 261 359
225 285 760
226 620 770
226 277 147
227 659 69
227 546 701
227 982 81
227 621 995
228 229 40
228 230 582
228 647 140
228 798 23
228 279 411
228 333 949
228 760 537
229 231 560
229 585 970
230 231 442
231 695 7
231 292 155
232 234 244
232 392 653
233 655 37
233 740 202
234 236 200
235 237 980
235 395 541
235 822 407
235 447 646
236 237 473
236 591 984
237 239 42
237 489 195
238 747 16
238 368 255
239 943 855
239 942 89
240 242 536
240 429 547
241 243 170
241 622 275
242 770 470
242 868 582
242 422 284
242 819 968
243 244 159
243 454 878
243 479 584
243 841 35
243 555 360
244 439 427
244 635 815
244 286 337
245 437 683
245 391 106
246 247 79
246 949 97
246 314 548
247 248 469
247 249 695
247 748 966
247 716 529
248 249 836
248 250 947
248 679 922
249 867 604
249 379 665
250 251 379
250 252 808
251 574 581
252 254 414
252 294 566
252 892 798
253 578 252
253 544 545
253 399 237
253 824 914
254 301 224
254 810 775
255 580 184
255 496 100
255 872 208
256 600 897
256 984 425
256 847 183
257 258 983
257 951 234
257 399 609
258 473 387
258 923 258
259 561 75
260 299 561
260 320 647
260 353 618
261 262 993
261 263 405
261 658 384
262 644 685
263 481 338
263 395 363
263 787 450
263 655 451
264 265 916
264 656 634
265 267 265
265 446 72
265 529 822
266 267 846
266 444 993
267 670 1
267 324 294
267 642 307
268 269 206
268 270 755
269 270 723
269 899 138
270 481 423
270 979 339
271 495 887
271 890 41
272 274 926
272 965 885
273 441 323
273 753 80
274 436 841
275 276 951
275 581 258
276 277 649
276 278 944
277 393 462
277 425 79
278 279 122
278 280 842
279 280 184
279 876 493
279 967 4
280 281 18
280 674 252
281 466 998
281 933 19
281 941 690
282 283 8
282 371 710
282 333 384
282 442 350
283 813 49
284 846 319
284 870 862
284 319 368
284 297 899
285 286 269
285 549 626
285 556 794
286 287 833
286 739 191
287 288 174
287 800 387
287 712 808
287 384 17
287 837 549
288 290 952
288 323 930
289 291 199
289 596 296
290 795 739
290 631 459
291 293 679
291 715 672
292 928 340
292 757 251
292 888 318
293 425 665
293 992 570
294 402 613
294 421 593
294 509 578
294 307 419
295 297 277
295 704 667
296 491 983
296 721 2
297 298 384
297 817 240
298 299 515
298 300 913
298 331 832
299 301 886
300 302 816
300 785 215
300 935 325
301 302 371
302 467 978
302 319 997
302 854 81
303 592 382
303 735 201
303 475 960
304 795 908
304 350 919
304 709 498
305 306 171
305 307 453
305 780 413
306 307 598
306 702 892
307 587 633
308 309 955
308 755 123
309 684 344
309 607 422
309 795 800
310 312 346
310 638 304
310 813 251
311 313 872
311 590 754
312 314 136
312 410 217
312 799 798
313 631 690
313 614 471
313 625 285
313 726 872
314 519 40
315 316 559
315 317 680
316 318 692
316 470 555
317 960 265
317 580 365
317 920 776
318 319 849
318 839 928
319 662 941
319 873 751
320 654 492
320 328 582
320 359 767
320 586 944
321 322 11
322 324 131
322 889 664
322 872 727
323 650 594
324 633 928
325 326 645
325 623 152
325 590 563
326 327 406
326 619 489
327 328 750
327 787 220
327 623 935
329 330 616
329 331 306
329 746 76
330 332 115
330 994 645
331 860 350
331 397 578
331 532 25
332 333 961
332 967 577
332 448 901
333 334 376
334 751 385
334 692 474
334 942 236
334 427 849
334 641 427
335 428 131
335 369 315
335 811 191
336 724 155
336 404 117
336 825 631
336 988 293
337 338 406
337 477 269
337 664 172
337 750 8
337 849 368
337 894 387
338 339 960
338 555 192
338 693 685
339 983 180
339 446 750
339 973 139
340 670 362
341 342 155
341 973 71
341 850 918
341 953 633
342 344 269
342 722 232
342 639 333
342 656 10
342 904 880
343 345 239
343 382 385
343 699 65
343 796 78
344 426 582
344 975 650
345 346 518
345 504 341
346 348 936
346 668 433
347 349 659
347 841 212
348 350 813
348 639 514
348 840 2
348 892 649
349 652 228
349 899 93
349 382 217
350 351 290
350 998 288
350 812 140
351 353 790
351 864 942
352 353 858
352 354 584
352 956 179
352 970 576
353 545 352
354 355 424
354 356 651
355 818 403
356 752 378
356 392 873
356 861 554
357 358 120
357 359 601
358 360 559
358 394 100
358 824 510
359 896 661
359 850 548
359 710 171
360 861 123
360 751 519
360 655 906
361 363 217
361 472 725
361 478 874
362 510 266
362 950 555
362 862 337
362 418 698
363 365 22
363 935 384
363 624 202
363 755 793
364 933 124
364 888 902
365 366 327
365 990 584
366 368 433
366 602 455
367 368 258
367 814 157
368 971 528
369 498 95
370 372 67
370 536 994
370 821 471
371 568 918
372 374 645
372 439 688
373 374 984
373 439 47
374 376 501
374 810 585
375 377 471
375 756 331
375 938 59
376 377 730
376 378 661
376 941 768
377 378 85
378 379 8
378 380 125
379 380 771
379 381 445
379 662 345
380 381 227
380 382 362
381 382 366
381 383 701
382 666 223
382 969 838
383 869 716
383 962 641
384 987 690
385 624 267
385 390 916
386 653 670
386 853 319
386 883 887
387 388 547
387 494 283
387 419 892
388 517 855
389 390 802
389 391 876
389 463 17
389 947 146
389 957 662
390 391 908
390 913 100
390 775 88
390 439 913
390 548 161
391 392 829
391 895 959
392 599 331
393 394 223
393 395 539
393 396 976
393 851 587
394 480 719
394 453 317
395 703 978
396 397 943
396 772 392
396 566 846
397 398 509
398 399 881
398 557 703
399 400 239
400 433 93
400 428 590
400 808 221
400 533 715
401 402 715
401 573 731
402 403 728
402 740 294
403 405 494
404 405 900
404 742 965
404 880 452
405 406 632
405 784 365
405 907 964
406 408 328
406 432 568
406 795 932
407 408 983
407 461 470
408 808 713
408 652 725
409 411 697
410 867 822
410 917 645
410 548 986
411 458 46
411 671 727
412 438 405
412 531 525
412 713 609
412 974 440
413 938 800
413 949 61
414 416 469
414 925 95
414 567 766
415 821 82
415 526 441
415 934 188
416 417 885
416 970 467
417 418 422
417 785 907
417 953 839
417 998 66
417 728 53
418 821 238
419 421 649
419 933 772
419 450 953
419 599 521
420 421 688
420 422 160
420 710 888
421 423 853
421 663 593
422 423 178
422 424 936
422 642 142
423 425 986
423 951 556
423 520 863
423 527 232
423 432 180
423 583 788
423 678 915
424 440 698
424 594 831
425 426 651
425 908 699
425 428 359
426 428 639
427 429 209
427 703 418
427 836 126
429 430 689
430 432 282
430 452 431
430 955 791
431 871 639
431 650 940
432 433 354
432 566 207
432 450 185
432 511 890
433 434 830
433 608 712
434 435 520
434 436 767
435 936 143
435 623 881
436 991 896
437 439 588
437 862 706
438 439 728
438 857 726
438 859 313
438 524 865
438 637 310
439 534 846
439 651 413
440 441 182
440 635 264
441 442 531
441 443 219
442 443 800
442 810 233
443 445 362
443 499 601
444 445 234
444 490 511
444 691 664
445 530 555
445 832 500
445 888 2
446 447 608
446 842 751
447 448 32
447 673 890
447 656 695
448 958 457
449 451 665
449 594 570
451 453 854
451 788 22
451 604 700
451 797 840
451 893 275
452 454 454
452 595 494
453 454 908
453 455 385
454 461 643
455 593 539
456 458 527
456 892 799
456 797 939
456 878 296
457 459 52
457 738 466
457 965 541
458 460 624
458 935 373
459 562 509
460 544 530
461 463 113
462 464 682
463 552 392
463 577 461
464 465 599
465 466 161
465 467 203
466 764 647
466 859 759
466 615 862
467 646 297
467 816 152
467 527 969
468 772 136
468 776 925
469 591 386
469 538 87
470 493 135
470 997 276
471 472 199
471 940 701
472 797 667
472 842 830
472 647 117
473 474 217
473 475 218
473 521 424
473 609 729
473 628 707
474 920 264
474 620 300
475 975 763
475 576 99
476 477 64
476 873 643
476 885 409
476 861 84
476 833 263
477 779 132
478 479 362
478 707 155
479 481 852
479 599 613
480 779 2
481 528 443
481 643 665
482 483 856
482 489 373
483 926 254
483 855 807
484 486 302
484 518 982
485 486 426
485 615 165
486 793 198
486 948 949
487 488 683
487 536 47
487 495 770
488 489 184
488 895 298
488 616 146
489 491 361
490 492 190
491 492 128
491 983 31
492 494 905
492 788 614
494 496 538
494 495 304
494 903 162
495 497 824
496 498 750
496 893 596
497 682 582
497 726 189
498 499 996
498 603 64
499 500 482
499 585 643
499 909 362
500 502 854
500 721 929
501 751 591
501 863 636
502 578 504
502 827 46
502 655 973
502 614 232
502 685 696
502 915 438
503 504 876
503 976 762
504 505 455
504 966 877
505 506 165
505 687 301
506 508 715
506 843 928
506 947 20
508 826 318
508 759 203
508 840 855
509 510 348
509 814 432
510 881 548
510 914 883
510 812 102
511 928 470
512 917 538
512 967 878
513 514 808
513 515 903
513 874 918
514 515 925
514 516 65
514 919 723
515 696 113
515 695 385
516 517 928
516 518 497
516 853 526
516 781 528
516 907 971
517 518 228
517 519 102
518 520 117
518 992 220
519 520 955
519 521 896
520 862 20
520 661 86
521 523 875
521 611 759
522 742 57
523 524 406
523 983 116
523 632 590
523 564 436
524 746 644
525 610 560
525 845 330
525 739 230
526 873 707
526 924 665
527 891 281
528 928 1
528 645 198
529 531 385
530 532 439
530 851 5
531 777 929
531 901 144
532 533 553
532 702 47
532 886 662
533 534 165
534 982 30
535 725 912
535 550 913
535 775 796
536 538 118
538 918 174
538 768 544
539 714 9
539 891 173
540 541 97
541 904 114
541 925 894
542 543 181
542 919 268
543 544 672
543 923 186
544 889 479
545 546 809
545 618 133
545 815 598
546 589 763
547 548 360
547 549 73
548 549 258
549 612 768
549 730 872
550 551 585
550 552 589
551 553 882
551 777 289
553 554 275
553 555 39
554 555 625
554 556 937
556 735 975
556 734 264
556 908 655
557 722 305
557 936 891
558 560 608
558 749 890
559 560 840
559 561 631
560 562 18
560 675 465
561 563 252
561 997 359
562 564 534
562 796 24
562 774 998
563 564 429
563 565 357
563 943 49
563 800 81
564 565 885
565 811 606
565 612 40
565 726 344
567 569 11
567 776 849
568 569 805
568 570 744
569 721 431
569 659 472
569 636 207
570 571 311
570 572 206
571 573 351
572 574 295
572 635 112
572 695 635
573 854 228
573 708 288
574 575 236
574 710 646
574 817 149
575 992 598
575 710 114
576 716 175
577 649 828
577 582 994
578 579 815
578 580 83
578 634 506
578 863 74
579 580 296
579 581 640
579 582 590
580 582 990
581 583 448
581 815 632
582 665 551
582 874 748
584 586 915
584 925 495
584 727 23
585 961 806
585 640 390
586 662 980
587 588 40
587 589 684
588 589 542
588 661 83
588 663 898
588 933 435
589 591 761
589 894 244
591 592 220
591 714 835
592 593 594
592 898 628
593 594 637
593 970 683
593 723 106
594 595 387
594 690 565
595 596 498
595 884 150
595 702 318
596 630 937
597 715 420
598 599 715
598 695 293
600 809 756
600 693 325
601 602 78
601 852 793
602 603 657
602 763 256
603 605 125
603 985 360
604 727 229
604 635 429
605 606 42
605 607 669
606 709 175
606 722 71
606 863 966
607 609 519
610 611 711
610 612 198
610 630 191
610 750 878
613 614 495
613 871 390
616 618 751
617 619 69
617 959 22
617 667 570
618 660 973
619 620 190
619 621 764
619 637 770
619 756 695
620 621 119
620 709 186
620 924 869
621 622 262
623 779 994
624 625 937
624 807 130
625 626 835
625 627 363
626 643 365
626 837 9
627 629 295
627 715 620
628 774 508
628 829 946
629 631 217
629 921 430
629 794 955
631 633 932
633 656 10
634 636 283
634 685 897
635 944 364
636 637 994
638 833 444
638 979 514
639 784 746
640 642 363
641 971 290
641 696 801
641 802 901
642 683 690
643 701 499
644 646 394
644 698 645
646 647 607
646 648 662
646 904 381
648 649 766
648 689 569
649 996 106
651 652 42
652 654 893
653 654 34
653 797 521
654 655 852
657 777 912
658 660 674
659 729 881
660 662 682
660 686 400
661 662 83
661 663 623
662 955 946
663 737 7
664 666 872
664 859 296
665 929 699
666 668 782
666 992 64
666 884 477
668 669 444
668 670 502
668 871 116
668 928 819
668 677 227
669 670 330
669 671 116
670 697 482
670 752 419
670 890 578
671 672 293
671 673 525
674 676 6
675 676 292
675 849 305
675 933 596
676 678 657
676 883 123
677 678 94
680 681 79
680 965 39
681 683 899
681 883 539
682 684 954
683 684 908
683 744 509
684 911 293
686 687 978
686 917 479
687 688 854
687 795 617
688 690 484
688 917 360
688 998 851
689 715 928
690 692 153
691 693 359
692 995 422
692 984 454
692 694 819
693 695 617
693 830 869
693 816 606
694 695 427
695 696 464
696 887 813
696 731 251
696 783 826
697 906 689
697 805 451
697 868 503
699 701 741
699 989 662
699 952 344
699 995 266
700 701 869
702 943 631
704 979 540
704 807 576
704 820 961
705 707 908
705 871 932
705 919 778
706 707 454
706 708 792
706 782 541
706 839 83
707 788 104
708 709 870
711 712 222
711 713 105
712 713 531
712 714 942
713 963 444
714 716 791
715 751 607
716 870 371
717 766 814
717 869 383
717 764 644
718 720 762
719 720 250
719 721 59
720 983 165
721 722 149
721 764 785
721 879 761
722 724 854
723 724 27
723 725 191
724 725 471
724 983 16
725 791 979
726 727 237
727 936 492
728 729 703
729 743 858
731 732 338
731 836 472
732 734 677
733 734 85
733 770 55
733 961 594
734 735 658
734 986 309
735 736 801
735 781 353
735 964 439
736 738 356
736 819 220
737 738 929
737 802 290
738 740 128
738 845 656
739 740 216
739 901 204
740 741 245
740 742 976
741 742 12
741 941 198
742 743 626
743 744 528
743 745 434
744 746 425
745 746 694
745 954 561
746 748 173
746 976 187
747 749 482
748 934 932
749 750 160
749 987 298
751 753 865
751 835 842
752 754 913
752 946 713
753 754 879
753 755 292
754 755 603
754 756 905
755 756 517
756 758 854
757 759 79
758 759 709
758 760 23
759 954 152
760 763 984
761 762 721
761 763 992
762 763 184
762 764 991
764 992 468
765 875 43
765 861 781
766 767 234
766 768 978
766 962 940
767 768 49
768 769 341
768 770 827
769 770 567
769 978 851
771 772 786
771 773 980
773 775 50
773 876 589
773 990 944
774 776 267
775 776 893
776 778 339
777 779 378
777 900 718
778 779 954
778 780 300
779 780 736
780 873 955
781 906 593
782 871 896
784 786 20
785 787 528
786 787 957
786 788 145
786 842 415
787 885 813
788 833 683
789 791 827
789 913 860
789 972 902
790 791 989
790 792 871
791 792 196
792 794 170
792 839 625
793 794 364
794 933 302
796 798 343
799 801 482
801 899 715
803 844 456
804 887 103
804 959 246
805 806 488
805 821 663
806 916 284
806 965 958
807 880 900
808 809 455
809 811 425
809 851 391
811 812 638
811 977 92
812 813 95
813 814 272
815 817 342
817 834 351
818 820 497
819 820 16
820 844 946
820 847 2
821 933 485
822 824 707
822 911 922
823 825 421
825 982 373
826 827 575
826 828 113
827 941 399
828 829 247
828 830 34
828 907 209
829 929 446
830 831 128
830 832 364
831 912 775
831 999 746
832 834 600
833 894 979
834 835 217
834 998 758
835 836 65
837 838 338
838 839 540
839 898 839
839 902 268
840 841 877
841 842 206
843 844 567
844 846 500
845 847 938
845 901 444
846 848 777
848 849 711
848 850 3
849 851 416
849 896 621
850 852 270
852 853 707
852 997 876
853 855 686
854 855 828
854 856 959
854 918 932
855 856 732
856 857 622
857 859 393
858 859 186
858 961 186
860 862 940
861 862 344
863 864 313
864 906 219
865 866 62
865 867 174
866 867 733
866 885 879
866 879 649
866 882 138
867 974 535
869 871 229
870 876 419
875 876 38
875 877 323
876 995 397
878 880 429
881 883 175
881 890 98
884 971 220
885 887 614
885 978 236
886 888 420
887 984 412
888 889 944
889 890 571
889 891 797
891 948 317
892 940 250
894 935 596
895 897 294
896 898 272
897 899 907
897 945 650
897 968 179
899 900 676
900 901 28
900 902 290
902 904 265
903 905 843
903 960 118
904 937 428
906 907 648
909 910 678
910 911 853
910 930 676
912 913 981
913 915 75
914 916 610
915 916 76
916 917 207
916 962 649
920 921 520
920 922 959
921 923 664
922 923 516
922 924 38
923 925 670
925 926 595
925 966 256
926 927 648
927 928 504
927 929 612
929 930 119
930 931 55
931 932 709
931 933 473
932 933 330
932 934 380
932 963 531
933 961 132
934 935 235
936 938 24
937 938 720
938 939 903
939 940 43
939 941 597
940 941 339
944 946 701
945 947 173
946 948 415
948 949 321
949 951 120
950 952 408
952 953 370
957 958 769
958 959 28
959 960 305
960 962 639
961 963 904
963 965 959
964 966 127
965 967 683
966 967 413
967 968 668
968 998 713
969 971 310
970 975 985
971 972 304
974 975 316
975 976 894
976 978 328
977 978 530
977 979 711
978 980 924
981 982 843
981 983 557
982 983 520
982 984 74
985 986 445
987 989 740
988 989 596
989 991 570
991 992 348
991 993 344
992 993 340
992 994 625
993 994 385
994 996 685
996 997 71
997 998 895