0 458 634
0 30 973
0 8 142
0 379 445
1 3 211
1 444 939
1 175 799
1 207 161
2 450 143
2 243 158
2 281 773
2 452 477
2 90 656
3 5 634
3 13 33
3 174 641
3 310 430
4 5 342
4 187 25
4 129 757
4 69 261
4 282 944
5 7 983
5 185 916
5 263 509
6 7 292
6 191 796
7 8 487
7 9 280
7 254 973
8 76 600
8 436 37
9 372 370
9 363 472
9 214 634
10 11 895
10 272 497
11 13 923
11 448 246
11 284 915
12 299 73
12 200 552
12 223 18
12 405 739
13 14 631
13 173 26
13 26 125
13 190 913
13 258 700
14 325 489
14 165 969
14 340 179
14 418 83
15 16 238
15 17 221
15 118 520
16 17 378
16 332 990
16 49 26
16 219 745
17 18 701
17 94 257
17 111 636
18 20 555
18 310 599
19 21 800
19 120 846
19 237 218
20 22 714
20 310 173
20 328 784
21 430 180
21 211 748
22 244 279
22 220 269
22 243 960
22 423 914
23 24 190
23 25 810
23 300 29
24 60 544
24 430 449
25 248 759
25 129 188
25 239 717
26 432 355
26 92 23
26 286 401
27 29 89
27 261 622
27 262 390
27 210 179
28 30 955
28 359 376
28 239 403
28 353 943
28 401 247
29 30 944
29 164 719
29 381 839
30 332 389
30 423 445
30 208 781
31 55 970
31 294 345
31 406 288
32 256 49
32 200 388
32 278 407
32 304 955
33 351 705
33 387 141
33 401 726
33 291 507
33 180 402
34 35 957
34 434 283
35 112 888
35 195 457
35 403 415
36 38 557
36 202 502
37 38 586
37 39 815
37 189 460
38 448 666
38 340 236
38 414 239
38 385 180
39 377 625
39 169 29
40 41 240
40 320 887
40 190 668
41 68 816
41 171 14
41 91 468
42 405 878
42 186 138
43 174 818
43 277 928
44 280 378
44 422 530
45 46 767
45 414 207
46 47 358
46 48 117
46 213 732
46 458 187
46 304 211
47 49 705
47 83 887
47 73 12
47 231 749
47 354 9
47 150 457
48 198 864
48 271 928
49 51 983
49 434 780
49 126 711
49 157 158
49 258 555
50 51 199
50 167 219
50 442 975
50 214 944
50 407 619
51 52 133
51 53 53
52 53 310
52 67 745
52 87 751
53 73 440
53 438 791
53 70 282
53 199 714
54 56 421
54 168 536
54 204 489
55 415 523
55 63 687
55 289 172
56 118 375
56 319 937
56 85 833
56 102 392
57 58 417
57 59 411
57 359 741
58 437 638
58 187 540
58 133 434
59 61 186
59 398 256
59 197 666
59 313 225
59 414 511
59 290 475
59 411 658
60 61 885
60 62 182
60 151 604
61 62 467
61 63 492
62 63 640
62 273 118
62 380 802
63 65 816
63 318 233
63 439 476
64 331 717
64 280 704
64 287 617
65 67 855
65 303 119
66 67 104
66 348 864
66 399 975
66 130 708
66 143 729
66 298 285
67 200 845
67 301 702
68 70 572
68 350 422
69 74 834
69 411 18
70 453 496
70 139 550
71 308 101
71 406 817
71 451 940
71 379 902
72 73 559
72 74 913
72 130 28
73 75 228
73 346 718
74 109 756
74 165 840
74 433 360
75 76 574
75 77 399
75 86 111
75 245 20
76 78 648
76 287 928
76 354 180
77 79 214
77 165 785
77 355 606
78 79 822
78 80 59
79 80 598
79 284 760
79 442 722
80 81 501
80 229 65
81 420 358
81 168 3
82 312 16
82 114 154
82 172 328
83 84 11
83 85 901
83 338 362
83 316 580
84 431 243
84 208 768
85 157 670
85 225 124
85 344 435
86 88 150
87 295 876
87 425 957
87 314 642
88 89 453
88 402 162
88 261 53
89 90 49
89 187 205
90 327 342
90 105 61
90 132 157
91 92 191
91 149 208
91 236 207
91 364 375
92 278 920
92 254 511
92 285 181
93 372 252
93 387 905
93 259 851
94 95 1
94 390 16
94 402 89
95 96 715
95 213 127
96 98 901
96 175 825
96 201 813
96 334 177
97 98 387
97 99 812
98 432 750
98 125 605
99 100 165
99 178 696
99 111 986
100 173 955
100 363 248
101 324 541
101 317 539
102 150 799
102 115 670
103 104 655
103 354 488
104 352 225
104 245 228
104 173 809
105 300 638
105 169 720
106 107 629
106 330 120
106 247 775
107 109 781
107 281 265
107 326 570
107 149 730
107 382 296
108 164 482
108 345 802
108 309 750
108 152 594
109 111 136
109 329 70
110 112 368
110 141 295
111 425 491
111 302 83
112 140 745
112 245 97
113 188 379
113 242 818
113 333 588
114 299 510
114 199 750
115 154 760
116 118 134
116 133 820
116 121 191
116 444 263
117 118 80
117 119 477
118 400 659
118 356 966
118 169 226
119 120 874
119 121 399
119 248 322
120 122 752
120 369 32
120 177 807
121 122 665
122 374 77
122 288 707
122 146 211
122 227 125
123 125 577
123 171 53
124 125 42
124 126 768
125 174 690
125 317 452
126 280 73
127 128 125
127 343 47
127 382 109
128 356 874
128 190 769
128 197 10
129 130 316
129 131 22
130 182 3
131 132 190
131 293 404
132 219 390
133 134 298
133 288 826
133 269 590
133 275 427
134 135 501
134 136 339
135 170 488
135 265 229
136 231 225
136 337 480
137 139 111
137 253 504
137 422 361
138 377 836
138 430 2
138 215 646
139 408 838
139 424 722
139 160 810
139 279 577
140 328 448
140 305 358
141 224 214
141 451 854
141 407 847
142 381 810
142 183 225
142 242 235
142 459 957
143 144 404
144 145 912
144 146 82
144 323 493
144 357 171
145 147 834
145 240 680
146 381 289
146 163 842
147 148 876
147 243 528
147 183 555
148 150 611
148 315 845
148 281 184
149 150 912
149 369 350
149 157 221
150 262 385
150 435 131
150 445 92
151 152 452
151 287 656
152 376 349
153 154 683
153 155 294
154 156 489
154 456 660
155 156 996
155 412 568
156 158 327
156 248 70
156 398 554
157 350 881
158 160 542
158 365 773
159 161 582
159 230 314
160 259 344
160 448 657
161 316 707
161 266 72
161 390 967
162 163 704
162 351 766
162 170 971
162 168 959
163 165 811
163 399 765
163 432 469
164 166 907
164 356 325
165 167 606
165 402 252
166 167 581
166 433 977
166 445 161
166 398 116
167 169 712
168 286 298
168 233 373
169 360 642
170 171 416
170 388 118
171 283 191
171 360 112
172 173 731
173 375 267
173 217 729
173 395 891
174 191 937
175 398 861
175 338 948
176 177 234
176 178 671
177 179 682
177 310 630
178 190 925
178 311 564
178 312 40
179 181 814
179 347 759
179 261 277
180 301 239
180 204 858
181 182 550
181 183 716
182 183 859
182 184 617
182 426 494
183 336 398
183 363 567
184 186 625
184 384 533
184 341 890
184 265 674
185 187 828
185 448 746
186 355 119
186 417 16
187 189 453
188 351 725
188 272 481
189 335 329
189 454 990
189 453 176
190 282 566
190 312 422
190 366 343
190 345 271
191 192 259
191 307 184
192 193 321
192 310 565
193 194 544
193 195 81
194 407 779
194 201 450
195 197 78
195 202 987
195 391 777
196 197 658
196 432 623
197 275 480
197 400 994
197 344 139
198 199 378
198 200 987
199 272 989
200 443 464
200 424 82
201 202 337
201 384 948
202 433 903
202 279 824
202 424 140
203 204 155
203 262 854
204 309 78
205 206 11
205 207 58
205 226 442
206 208 631
206 259 18
206 292 807
207 263 875
208 209 19
209 210 642
209 211 245
209 295 175
210 211 775
210 283 939
211 355 316
211 410 71
211 422 616
212 213 776
212 254 986
213 215 330
213 219 6
214 238 54
214 454 785
215 216 826
215 425 871
216 364 607
216 265 109
216 416 663
217 388 703
217 425 96
217 398 754
218 219 169
218 220 294
218 379 45
219 400 392
219 456 779
220 222 790
221 223 694
221 279 695
222 223 592
222 286 831
222 397 985
223 426 250
223 337 69
223 277 10
224 225 412
224 258 852
225 227 618
225 266 727
226 399 337
227 426 108
228 230 413
228 370 764
229 230 409
229 237 88
229 409 926
229 349 270
229 271 544
230 231 220
230 232 203
231 233 950
232 233 228
232 301 907
232 364 650
232 297 471
233 401 197
234 235 208
234 396 181
235 236 904
235 360 406
235 408 389
235 343 354
235 430 366
236 348 612
238 239 433
238 455 458
238 426 294
238 440 308
239 270 615
239 280 312
240 241 105
240 242 796
241 242 397
241 357 956
242 244 665
243 436 606
243 389 345
244 370 488
244 359 535
244 392 232
245 247 142
246 247 357
246 294 690
247 371 317
247 314 974
247 249 910
248 273 213
248 409 735
249 341 883
250 251 608
250 252 244
251 311 361
251 358 160
251 416 479
251 452 575
251 325 398
252 254 379
252 283 704
253 254 788
253 419 290
253 459 28
255 256 353
255 313 438
256 380 568
256 457 886
257 328 918
257 290 842
257 427 36
258 264 803
259 396 883
260 261 204
260 262 757
262 264 447
262 356 780
263 265 411
264 266 923
264 415 73
265 266 416
266 267 824
267 268 629
267 269 891
268 269 5
268 270 754
268 425 200
269 339 466
270 414 560
271 439 412
272 274 701
272 454 997
273 275 114
274 275 147
274 276 39
274 370 730
276 278 332
276 291 107
277 278 874
278 280 407
280 413 885
281 437 19
283 284 334
284 285 122
285 446 429
286 311 315
286 319 448
286 428 999
288 290 620
288 294 799
289 290 808
289 291 505
290 291 825
290 434 16
291 292 542
291 455 133
291 444 563
292 452 917
292 388 966
292 383 402
293 294 452
293 295 458
294 296 739
295 297 538
296 298 764
296 326 942
297 443 769
297 427 976
298 299 610
298 446 253
299 300 708
299 301 310
299 308 45
299 311 432
300 301 277
302 303 822
302 368 423
302 457 589
302 422 299
303 304 736
303 323 782
304 434 89
305 306 645
305 307 891
306 307 961
306 324 51
307 308 761
307 364 754
308 310 840
309 310 960
310 329 312
313 377 314
314 384 356
315 316 605
315 362 225
316 454 256
317 319 540
317 427 817
318 320 13
319 425 60
319 346 145
320 333 497
320 370 373
320 377 340
321 429 26
321 368 838
322 350 681
322 440 232
322 335 542
323 324 867
324 325 572
324 343 135
325 326 641
326 330 118
327 328 103
327 329 259
327 386 334
327 446 916
328 363 628
328 457 4
329 331 941
330 331 876
330 332 528
331 332 763
331 447 73
331 389 516
332 412 349
334 335 928
335 389 328
336 338 447
336 459 926
337 339 306
339 340 598
339 341 736
339 365 769
340 428 962
340 441 57
341 343 960
342 344 515
342 450 561
344 345 976
347 348 434
347 349 272
348 350 141
349 350 502
349 351 465
350 352 679
351 378 180
351 459 179
352 353 518
352 354 974
353 354 573
355 367 613
356 454 853
357 408 947
358 360 501
361 362 507
361 363 341
361 377 408
362 363 199
362 378 875
364 405 419
365 366 802
366 368 449
367 415 547
367 402 572
367 421 397
368 370 747
368 438 314
369 371 895
369 403 552
370 371 912
371 372 801
371 373 982
371 404 810
372 373 561
372 374 340
373 375 667
373 452 39
374 375 193
374 422 610
375 377 317
376 377 378
376 397 8
378 379 362
378 396 381
378 397 418
380 381 499
380 382 231
381 382 757
382 383 176
383 384 443
385 386 41
386 393 959
387 419 600
388 390 194
389 390 864
389 413 579
391 392 134
391 402 579
392 393 41
392 394 413
393 394 87
393 395 9
394 395 907
394 396 342
395 396 15
396 398 692
397 428 903
397 413 93
398 429 23
403 439 216
404 406 156
405 406 594
407 408 294
408 410 509
410 412 605
412 413 597
412 414 457
413 414 307
414 416 346
415 454 385
417 418 397
417 444 634
418 419 745
419 421 102
420 421 89
420 422 217
421 422 868
423 424 622
428 429 390
429 430 275
430 444 52
431 432 292
431 433 249
432 433 530
432 441 159
434 435 49
435 437 45
435 456 774
436 437 941
437 459 599
438 440 659
439 441 134
443 444 872
443 445 445
447 449 41
448 449 588
449 450 231
449 451 902
450 451 758
450 452 360
451 453 187
452 454 123
453 454 946
454 455 81
455 457 874