0 1 705
0 39 217
0 2 177
0 38 703
0 9 569
0 10 168
0 30 929
0 37 951
1 3 614
1 39 554
1 33 742
1 22 290
2 35 93
2 25 502
2 8 216
2 26 830
3 32 19
3 26 999
3 7 48
3 23 544
3 24 493
4 5 59
4 33 270
4 22 132
5 16 636
5 14 104
6 7 547
6 8 714
6 25 526
7 9 677
7 16 152
7 28 160
8 36 657
8 32 228
9 35 638
10 24 945
11 12 174
11 13 709
12 24 288
12 30 823
13 18 270
13 21 616
13 19 828
13 29 265
14 15 983
14 16 80
14 35 462
15 16 804
15 34 780
15 32 134
16 18 134
16 31 160
16 23 83
16 24 269
16 27 283
16 17 740
17 18 215
18 19 697
18 20 391
19 20 160
20 21 337
20 22 262
21 38 666
21 28 208
24 38 253
24 32 905
25 26 535
27 28 668
28 33 346
29 30 999
30 31 235
30 36 458
31 33 98
31 39 582
33 34 463
33 35 562
34 36 296
35 37 378
36 38 458
37 38 443