0 1 324
0 739 262
0 738 423
0 642 296
0 24 482
1 11 244
1 264 278
1 298 965
1 718 390
2 3 851
2 512 407
3 4 74
3 56 578
4 154 700
4 642 378
5 183 198
5 412 265
5 67 132
6 8 590
6 102 537
7 9 933
7 506 420
8 444 422
8 678 584
8 402 992
9 731 97
9 605 547
9 646 804
10 11 666
10 480 891
11 12 216
11 13 567
11 252 129
11 696 525
12 14 331
12 383 848
12 611 651
13 14 540
13 79 952
14 704 686
14 35 12
14 114 548
14 256 405
14 554 552
14 650 967
15 477 492
15 336 978
15 552 50
15 117 829
15 668 611
16 58 687
16 162 729
16 292 621
16 534 474
16 700 421
17 19 467
17 316 831
18 19 22
18 301 864
18 684 664
18 356 116
18 132 142
19 20 401
19 21 556
20 25 218
20 133 798
21 23 976
21 243 989
21 183 847
21 691 886
22 126 148
22 449 629
22 169 798
22 51 739
23 319 588
23 360 667
23 154 825
24 25 927
24 73 425
24 376 674
24 325 10
24 128 998
25 212 609
25 39 531
25 130 965
26 430 185
26 502 822
26 390 214
26 216 7
27 28 939
27 164 760
27 230 118
27 112 952
28 29 785
28 729 330
28 371 403
29 31 267
29 423 387
29 535 648
29 560 196
30 32 868
30 487 408
30 102 530
31 605 305
31 263 913
31 525 219
31 189 756
32 34 884
32 562 950
33 34 314
33 572 795
33 177 314
34 389 996
34 603 501
34 686 433
35 725 775
35 365 763
35 253 278
35 356 469
36 541 307
36 371 591
37 38 64
37 102 730
38 80 989
38 181 34
38 429 404
39 40 25
39 172 62
39 496 833
39 127 169
39 254 286
39 734 117
40 41 442
40 624 2
41 42 609
41 189 262
41 695 772
42 138 604
42 712 776
42 166 233
42 296 687
42 563 363
43 45 479
43 544 554
43 435 586
44 489 445
44 101 117
45 47 760
45 329 295
45 242 545
46 265 127
46 412 869
46 287 459
47 96 101
47 275 602
48 50 971
48 219 575
48 155 559
49 50 670
49 496 804
50 51 168
50 329 275
50 490 185
51 586 453
51 298 499
51 497 976
52 53 52
52 621 384
52 247 183
52 566 973
53 54 34
53 117 764
54 73 335
54 625 16
54 297 364
55 56 880
55 57 999
55 728 188
56 57 81
56 211 938
56 240 741
56 170 150
57 59 15
57 502 962
57 382 926
57 392 519
58 60 861
58 445 416
59 61 710
59 177 869
59 457 859
60 61 857
60 311 396
60 160 87
61 409 724
61 205 499
62 357 108
62 401 92
62 360 108
62 682 368
63 64 231
63 65 939
63 580 163
63 589 700
64 65 460
64 513 47
64 604 309
65 66 929
65 67 128
65 536 963
66 67 387
66 68 341
66 110 527
66 318 458
67 68 623
67 90 537
67 676 939
67 312 319
68 69 747
68 70 968
68 447 11
68 572 290
69 71 237
69 406 301
69 261 642
70 71 470
70 297 283
70 206 618
70 376 266
70 522 660
71 73 913
71 569 96
71 92 13
72 73 398
72 77 161
72 681 748
72 200 920
72 159 633
72 723 647
73 75 253
73 118 863
73 125 518
73 436 844
73 172 916
74 76 917
74 403 564
74 158 319
74 509 697
75 76 898
75 386 41
76 77 78
76 101 292
76 135 257
76 705 881
76 296 771
76 417 889
77 255 327
77 463 338
77 359 238
78 79 504
78 123 709
78 310 290
78 490 747
78 253 284
78 88 284
79 80 75
79 564 885
80 648 358
80 318 816
80 148 721
81 83 583
81 246 805
81 350 781
82 230 5
82 135 218
82 391 835
83 84 726
83 85 144
83 428 843
83 237 446
84 86 578
84 266 477
84 436 224
85 86 581
85 247 783
85 420 327
85 424 755
85 512 907
85 339 243
86 88 552
86 273 321
86 195 431
86 234 312
86 140 683
86 233 709
86 487 593
87 182 971
87 704 675
87 188 310
88 333 866
88 416 621
89 91 39
89 475 11
89 682 675
89 442 681
90 394 940
90 554 8
91 92 526
91 672 75
91 548 693
92 643 352
93 95 673
93 169 710
93 183 882
93 557 915
93 613 807
94 95 363
94 341 408
94 404 955
94 470 246
94 432 986
95 718 675
95 244 568
96 98 609
96 118 840
96 631 744
96 440 189
97 462 123
97 301 492
98 470 302
98 701 80
98 101 657
99 351 930
99 400 636
99 585 435
100 102 448
100 539 739
101 444 40
102 104 371
102 136 237
102 202 490
103 105 937
103 692 518
103 334 690
104 145 577
104 172 501
105 106 195
105 107 822
105 403 861
106 558 453
106 342 488
107 108 9
107 109 968
107 202 593
107 260 863
108 723 732
108 168 155
108 115 240
108 580 243
108 732 627
109 110 75
109 558 912
109 285 865
109 192 109
110 559 920
111 112 140
111 496 740
112 113 566
112 207 640
112 411 479
112 324 144
112 291 187
113 114 113
113 204 735
113 493 406
114 116 4
114 330 776
115 116 710
115 578 939
116 117 201
116 437 748
116 438 77
116 548 209
117 118 768
117 466 631
118 120 621
118 245 99
118 628 575
119 120 415
119 286 198
119 412 569
120 122 91
120 522 757
121 371 574
121 173 14
121 293 864
122 124 46
122 292 552
123 490 582
124 136 176
124 594 35
124 262 352
124 283 671
125 127 219
125 518 80
126 184 55
126 564 218
126 300 173
127 128 893
128 129 8
129 131 742
129 550 931
129 188 456
129 458 354
130 203 765
131 360 156
131 734 368
131 650 483
131 385 316
132 142 555
133 134 729
133 135 748
133 478 405
133 524 498
134 169 408
134 268 349
135 247 561
135 324 126
136 138 512
137 138 492
137 139 122
137 466 112
138 139 614
138 645 421
138 553 315
139 141 76
139 464 234
139 251 8
140 739 400
140 432 77
141 495 971
141 199 887
141 644 315
142 144 402
142 581 177
142 228 466
143 145 579
143 602 520
143 257 802
144 724 358
144 716 454
145 146 593
145 147 230
145 169 646
145 493 387
145 290 543
146 147 585
146 324 864
147 659 675
147 621 211
148 665 602
148 382 734
148 451 187
149 150 340
149 295 605
149 545 319
150 151 333
150 152 444
150 719 460
151 152 339
151 578 433
152 709 122
152 269 46
152 522 366
152 564 614
153 154 75
153 564 216
154 155 770
154 302 918
154 434 674
154 362 790
154 244 684
155 249 101
156 157 851
156 158 70
157 158 545
157 246 78
157 269 27
158 676 694
159 435 826
159 344 785
159 675 650
160 461 243
160 566 751
160 207 857
160 229 461
160 449 24
161 162 495
161 377 723
161 276 302
162 163 247
162 171 100
162 372 166
163 165 540
163 421 63
163 542 864
164 702 318
165 166 18
165 167 887
165 575 398
166 436 536
166 496 89
167 169 692
167 348 425
167 663 409
168 170 608
168 488 895
168 538 350
168 369 573
169 619 56
169 631 541
170 688 361
170 348 386
170 223 316
171 253 808
172 424 981
173 448 5
173 314 405
174 175 837
174 350 973
175 176 360
175 177 758
176 177 31
176 178 16
177 178 252
177 561 301
177 338 821
178 180 244
178 393 109
178 509 21
178 606 961
178 724 408
178 238 823
179 181 444
179 241 966
179 402 65
179 445 282
180 181 322
180 357 337
180 701 648
180 724 80
180 482 686
180 556 768
181 588 40
181 707 600
181 322 548
182 183 717
182 267 822
183 210 761
184 185 404
184 186 163
184 305 499
184 367 985
185 234 936
185 461 254
185 658 996
185 232 343
186 234 633
186 563 444
186 338 727
187 189 396
187 447 201
187 292 482
187 362 409
188 359 29
188 513 470
188 562 679
188 213 381
190 192 747
190 619 802
190 737 259
191 192 999
191 687 629
191 703 862
191 631 766
192 193 105
192 528 714
193 194 107
193 366 63
193 729 239
194 195 390
194 268 709
194 681 961
194 538 377
195 652 401
195 518 437
196 198 538
196 368 333
196 712 413
197 198 30
197 270 640
198 200 733
198 359 590
198 315 768
199 201 454
199 281 112
200 202 557
200 224 917
200 360 676
200 489 236
201 202 28
201 203 302
202 499 985
202 383 440
203 204 89
203 530 215
203 360 542
203 532 435
204 447 785
204 620 693
205 376 591
205 604 601
206 565 332
206 579 995
206 504 560
207 209 999
208 209 282
208 448 189
208 616 308
209 581 996
209 334 171
210 212 951
210 213 567
211 213 180
211 720 608
212 214 503
212 574 912
213 214 428
214 215 260
214 568 993
214 665 896
215 567 318
215 739 305
216 431 846
217 218 374
217 272 74
218 297 639
218 684 379
219 221 651
219 403 354
220 576 801
220 563 300
220 731 491
221 222 588
221 729 294
221 733 150
222 363 439
222 634 186
223 224 883
224 226 744
224 278 374
225 226 451
225 240 756
226 228 846
226 474 331
227 228 45
227 617 574
228 732 140
228 510 238
229 230 434
230 232 406
230 421 190
231 233 912
231 288 908
231 519 195
231 413 876
232 234 819
232 654 89
233 234 404
233 727 929
234 236 182
234 504 13
235 236 267
235 332 521
236 237 821
236 562 71
237 677 513
238 239 483
238 545 497
239 241 717
239 574 825
239 477 346
239 663 697
240 242 184
240 483 613
241 242 286
241 407 31
242 418 708
242 247 763
243 244 49
243 245 295
244 245 877
245 361 726
245 588 158
246 248 630
247 272 236
247 474 133
248 250 51
248 734 329
248 468 6
248 717 740
249 250 277
249 669 716
249 636 618
249 693 391
250 251 927
250 453 371
250 468 111
251 589 846
251 396 113
252 429 917
253 516 778
254 633 334
255 257 924
255 447 170
256 258 629
256 469 900
256 592 399
257 259 715
258 695 649
258 447 405
259 261 168
259 423 645
260 550 305
260 444 527
260 671 778
261 262 234
261 540 778
262 486 765
263 265 528
264 265 578
264 374 902
264 492 775
265 267 297
265 472 412
266 727 372
266 377 371
267 599 327
267 574 582
267 684 640
268 384 683
269 271 818
270 271 952
270 272 794
271 273 765
271 713 711
271 669 231
272 273 669
272 274 161
272 560 690
273 433 418
273 731 375
273 696 763
274 276 326
274 480 483
275 722 644
275 644 518
275 375 352
275 288 295
276 277 246
276 278 558
276 425 993
277 730 526
277 379 254
277 547 172
278 279 817
278 280 331
278 508 321
278 670 747
279 280 124
279 649 287
279 410 53
280 357 571
280 352 740
281 632 56
282 284 596
282 369 206
282 347 197
282 608 150
283 346 805
284 400 640
284 533 93
284 700 977
284 691 430
285 357 845
285 720 869
286 288 212
286 358 747
287 644 350
287 612 987
287 683 350
288 611 132
289 290 87
289 291 28
289 648 365
290 679 618
291 546 64
293 295 135
293 581 5
293 605 799
294 325 415
294 599 835
294 536 545
295 443 93
296 546 316
299 300 480
299 301 251
299 446 995
300 301 455
300 306 77
301 303 520
301 410 184
301 417 780
302 304 60
303 305 173
303 350 931
303 431 377
303 527 340
304 486 451
304 721 285
304 453 430
305 723 220
305 380 672
306 308 89
306 447 512
307 308 894
307 309 622
307 481 415
307 726 309
308 309 867
308 310 965
309 310 785
309 684 298
309 329 416
309 615 164
310 312 188
310 438 126
311 391 328
312 313 974
312 520 345
312 556 86
313 314 628
313 408 126
314 315 305
314 316 410
315 493 717
316 317 403
316 318 205
316 736 90
317 667 893
317 628 606
318 319 474
318 381 622
318 521 105
319 320 857
319 321 810
319 389 253
320 520 962
320 710 183
321 386 173
321 674 363
321 673 738
321 530 968
322 323 979
322 352 850
322 384 620
323 325 480
323 351 202
323 494 343
324 325 992
324 511 18
325 327 583
325 387 240
325 594 294
326 687 320
326 457 931
326 335 853
326 437 321
327 329 890
327 573 307
328 329 937
328 330 800
330 476 120
331 332 406
331 333 532
331 676 502
332 334 501
332 411 760
332 393 344
332 474 834
332 526 309
332 597 960
333 334 625
333 335 457
334 718 615
334 365 343
335 336 499
335 337 824
336 338 309
337 338 223
337 339 851
338 339 982
338 409 70
338 465 355
339 340 363
339 665 507
340 341 606
340 342 844
341 563 740
342 344 287
342 409 863
342 576 806
343 344 148
343 345 83
343 473 377
343 623 176
344 346 586
345 347 338
345 371 227
346 347 775
346 464 966
347 373 585
347 464 764
348 349 446
348 350 645
349 350 564
349 351 349
350 352 745
350 462 531
351 352 987
351 353 322
351 553 630
351 401 196
352 354 46
353 355 704
353 536 493
353 445 495
353 639 960
354 355 554
354 358 710
355 356 406
355 357 6
355 361 115
355 596 534
356 357 136
356 588 805
357 395 347
357 376 452
357 390 163
357 488 103
357 541 207
358 359 640
358 360 85
359 365 62
361 470 292
362 551 429
362 738 851
363 414 246
363 455 315
364 365 709
364 370 847
365 564 180
365 430 138
366 571 346
367 666 308
368 487 414
368 573 332
368 635 938
368 465 604
368 379 407
369 537 653
370 404 307
370 616 739
370 378 801
371 555 79
371 664 942
372 373 303
372 471 888
373 540 519
373 693 872
374 591 129
374 590 320
375 376 887
375 415 428
375 710 310
376 416 355
376 565 988
377 379 302
377 465 648
377 609 715
378 379 680
378 380 218
378 541 203
379 380 228
380 381 523
380 412 694
381 677 804
383 521 629
383 643 50
384 385 984
384 466 587
384 584 375
384 662 694
385 386 154
386 387 86
386 388 625
387 388 52
387 389 256
388 389 70
388 390 113
388 450 568
389 511 572
389 405 384
389 646 34
390 391 640
391 392 33
392 393 249
392 739 942
393 395 199
394 396 487
394 489 411
395 397 225
396 631 589
396 691 441
396 641 593
397 658 379
397 544 844
397 534 362
397 645 958
398 399 753
398 614 740
398 567 855
399 400 55
399 401 249
400 402 162
400 722 920
401 689 834
402 404 906
402 431 295
403 589 728
404 406 641
405 407 651
405 714 582
406 407 557
406 408 194
407 409 79
407 570 13
408 488 736
408 409 644
409 411 82
411 413 888
412 498 295
413 522 172
413 630 803
414 415 769
414 416 618
414 695 93
415 417 691
416 485 374
417 736 794
418 420 280
418 531 181
419 421 931
419 703 103
420 422 157
421 423 918
421 624 358
422 424 872
422 547 336
422 425 132
423 424 218
423 425 525
426 438 158
426 496 121
427 528 793
427 656 267
427 586 60
428 430 256
429 438 688
430 431 259
430 504 18
431 486 405
431 690 912
432 434 542
432 478 238
432 665 886
432 688 415
433 435 222
433 617 293
434 436 727
434 443 714
434 522 326
435 730 553
438 439 963
439 440 113
439 441 419
440 719 221
440 479 396
440 534 946
441 443 702
441 602 667
441 620 789
442 590 892
443 557 761
443 595 236
446 447 363
448 450 639
450 452 588
450 514 598
450 603 507
451 667 548
451 578 120
452 454 272
452 694 378
452 650 318
453 455 868
454 455 663
454 456 260
455 457 815
455 576 243
455 597 857
455 654 820
456 458 473
456 530 994
456 465 871
457 461 433
458 634 413
458 709 891
459 460 436
459 461 935
459 462 34
460 462 993
460 692 313
463 465 179
464 465 288
464 592 855
467 468 219
467 469 703
468 720 915
468 628 836
469 633 684
469 685 846
470 558 207
471 472 563
471 473 94
472 617 405
472 527 762
472 664 631
472 698 330
472 529 415
473 475 874
474 706 197
474 695 327
475 476 586
475 477 164
476 478 476
476 544 446
477 478 372
479 661 186
479 701 906
479 703 200
480 481 94
480 482 553
481 571 4
481 610 204
482 483 635
483 514 573
484 485 918
484 486 922
485 539 507
486 488 313
486 624 707
487 488 680
487 647 785
488 561 309
488 584 420
490 492 147
490 583 517
491 648 349
491 615 443
492 705 774
492 632 323
493 495 948
494 565 513
495 496 744
495 497 974
495 728 961
496 498 83
496 710 423
496 697 445
497 645 137
497 583 667
498 521 452
499 501 946
499 593 634
500 502 50
500 600 73
501 503 548
501 518 565
501 719 156
502 504 277
502 523 88
503 504 654
503 505 740
504 514 195
504 610 733
505 506 756
505 703 141
506 508 948
506 595 363
507 508 204
507 660 102
507 593 42
508 563 669
509 684 418
510 512 985
511 512 205
512 637 284
513 703 183
515 516 78
515 603 100
516 517 515
516 518 939
517 519 730
517 572 845
518 520 183
518 733 499
519 521 713
519 677 237
520 522 518
520 619 822
521 522 601
523 525 582
524 697 879
525 629 773
525 733 746
526 725 724
527 571 619
528 720 819
528 600 467
529 530 345
529 546 219
529 708 235
529 649 810
531 552 326
531 612 927
532 533 209
533 601 744
535 677 222
536 617 141
537 538 59
537 539 37
537 543 945
539 540 808
539 541 321
540 542 283
540 637 816
540 686 590
541 627 713
542 543 882
542 576 687
543 670 417
544 546 321
544 667 406
545 547 959
545 637 142
546 548 2
547 698 508
548 549 336
548 706 276
549 551 317
549 574 537
550 551 316
550 552 11
551 552 176
551 617 161
552 553 527
552 706 441
553 600 678
554 556 988
555 556 678
555 557 271
557 558 931
559 611 164
559 586 286
559 638 150
559 729 485
561 563 245
562 648 212
565 712 431
566 582 753
567 568 920
567 569 420
568 570 705
569 570 404
569 571 460
569 733 429
570 572 845
570 576 464
570 711 440
570 653 141
571 684 57
573 575 312
574 576 71
575 576 78
577 578 729
577 579 264
578 635 545
578 667 166
579 657 587
580 601 985
581 582 611
581 583 903
582 584 889
582 626 318
582 681 719
584 660 547
585 587 100
585 640 834
587 588 10
587 697 304
588 589 346
589 590 366
589 595 166
590 591 830
591 592 531
591 593 642
592 657 782
593 652 648
594 595 264
595 643 512
596 597 761
596 690 86
596 720 366
598 599 53
598 600 62
599 601 848
601 603 723
602 603 580
602 604 315
603 605 952
604 605 214
606 608 970
607 608 160
607 738 503
608 723 426
608 709 762
609 611 596
610 653 919
611 613 529
612 617 253
613 614 460
614 616 629
615 616 645
617 637 567
618 619 927
618 688 29
619 671 376
621 623 642
621 696 684
622 623 430
622 624 965
623 625 113
624 723 873
625 626 393
625 627 523
626 628 335
627 689 622
629 630 349
629 631 148
629 692 120
630 631 964
630 646 246
631 666 963
632 633 852
632 724 483
633 635 453
634 636 994
634 710 98
636 637 658
636 721 542
637 645 216
638 640 439
639 640 196
640 641 757
640 642 27
641 642 419
641 707 471
642 644 933
643 716 963
644 666 424
644 678 346
647 649 369
648 649 499
649 650 932
650 652 40
651 652 722
651 653 952
652 654 256
654 656 782
654 705 389
655 656 406
655 657 274
656 657 263
656 658 484
657 658 840
657 708 658
658 660 466
659 660 559
659 661 275
659 702 246
661 662 992
661 663 459
661 730 139
662 696 455
663 671 612
665 666 512
665 673 385
666 667 864
668 669 330
668 679 727
670 671 636
672 674 303
673 675 434
674 676 217
675 676 854
677 679 575
679 680 673
679 718 335
680 681 340
680 682 841
681 685 922
683 684 750
685 687 172
687 689 857
688 689 504
689 690 937
692 694 595
693 694 364
694 695 893
694 696 326
697 699 745
698 700 164
699 700 169
699 701 440
702 704 605
704 706 741
708 710 963
709 711 931
710 711 657
711 713 591
712 722 1
713 714 558
713 715 92
714 715 675
715 716 935
715 717 820
716 718 849
717 718 777
721 723 11
724 726 650
725 727 144
726 727 203
727 729 263
729 731 115
730 732 849
732 733 930
735 736 448
735 737 503
737 739 913